frameNum,rotation,translation,imu angular velocity,imu linear velocity,groundtruth
1,"[[[[-0.12588709 -0.91698634  0.37853468], [ 0.94936089 -0.22207745 -0.22225099], [ 0.28786514  0.33138749  0.89850765]]]]","[[[[-0.70893094], [ 0.44145631], [-0.55003023]]]]","[0.00628318530718, -0.0949459113085, 0.0600393262686]","[9.82299441667, -0.392266, -3.88179895833]","[0.0, 0.0, 0.0]"
2,"[[[[ 0.38790968  0.74580086  0.5415784 ], [ 0.89098113 -0.45384894 -0.01318235], [ 0.23596337  0.48764969 -0.84054688]]]]","[[[[-0.21703803], [-0.38956411], [ 0.89506106]]]]","[0.0237364778271, -0.199665666428, 0.0998328332141]","[11.988629625, -0.400438208333, -5.67968479167]","[0.00569426366502, 0.0158584281179, 0.300892048827]"
3,"[[[[ 0.34746067  0.78881535  0.50699253], [ 0.47573626  0.31763222 -0.82023459], [-0.8080508   0.52619399 -0.26490336]]]]","[[[[-0.39122099], [-0.38388913], [ 0.83640616]]]]","[-0.120776784238, 0.244346095279, -0.0446804288511]","[11.03248125, -0.187960791667, -4.60095329167]","[0.00136450307329, 0.00288534027903, 0.0232081540281]"
4,"[[[[ 0.58487084  0.79609633 -0.15542437], [ 0.73098488 -0.43426921  0.52637568], [ 0.35154973 -0.42147465 -0.83592578]]]]","[[[[ 0.61506751], [-0.38597841], [ 0.687541]]]]","[0.0293215314335, 0.293215314335, 0.0747000919854]","[7.9433865, -0.138927541667, -3.17898904167]","[0.00705876673831, 0.0187437683969, 0.324100202855]"
5,"[[[[-0.61161653  0.27422508  0.74210903], [ 0.65718676  0.69834989  0.28357184], [-0.44048925  0.66114146 -0.60733944]]]]","[[[[-0.16228688], [-0.31039064], [ 0.93665395]]]]","[-0.0230383461263, 0.309272343453, 0.0572467994654]","[6.23539495833, -0.53936575, -2.02670766667]","[0.0175755689775, 0.00114963343252, -0.313434135753]"
6,"[[[[ 0.59689466  0.21284373  0.77357243], [ 0.5419563  -0.81791362 -0.19313386], [ 0.59160809  0.53452302 -0.60356027]]]]","[[[[-0.54445566], [-0.13820476], [ 0.8273255]]]]","[-0.0237364778271, -0.244346095279, 0.163362817987]","[7.24874879167, -0.171616375, -2.30456275]","[-0.00998817702913, -0.00191940959566, -0.123156665534]"
7,"[[[[ 0.03962921 -0.52867103 -0.84790122], [-0.389526   -0.78960785  0.47411912], [-0.9201625   0.3114906  -0.23722265]]]]","[[[[ 0.36989418], [-0.33427389], [ 0.86685596]]]]","[0.15777776438, -0.065624379875, 0.143116998664]","[8.850501625, -0.187960791667, -3.260711125]","[0.00758739194839, -0.000769776163142, -0.436590801287]"
8,"[[[[ 0.00105923 -0.97249348 -0.2329277 ], [ 0.98955412 -0.03255909  0.14043702], [-0.144158   -0.23064332  0.96230044]]]]","[[[[-0.18511293], [ 0.40739585], [-0.89429404]]]]","[-0.0195476876223, -0.321838714068, 0.106116018521]","[11.13054775, -0.359577166667, -4.15148183333]","[-0.00998817702913, -0.00191940959566, -0.123156665534]"
9,"[[[[-0.6787384   0.09790051  0.72782531], [-0.33189051 -0.92498199 -0.18508649], [ 0.65510524 -0.36718362  0.66031304]]]]","[[[[-0.40000984], [-0.36245561], [ 0.84179455]]]]","[0.0523598775598, 0.00349065850399, 0.0872664625997]","[12.1193849583, -0.269682875, -5.60613491667]","[-0.00813524807375, -0.00290421128218, 0.383926145954]"
10,"[[[[-0.1879479  -0.95989173  0.20804674], [-0.98101418  0.19377833  0.00781875], [-0.0478201  -0.20262728 -0.97808763]]]]","[[[[-0.61822085], [-0.33939749], [ 0.70895156]]]]","[-0.0844739357965, 0.208043246838, 0.0670206432766]","[9.00577358333, 0.204305208333, -3.81642129167]","[-0.000622106958857, 0.00290534889388, 0.0179378090698]"
11,"[[[[-0.61300737 -0.73105859 -0.29962528], [-0.74991809  0.41901577  0.51190687], [-0.24868619  0.5384971  -0.80509382]]]]","[[[[-0.08652722], [-0.37462703], [ 0.92312926]]]]","[-0.164060949687, 0.232477856366, 0.178023583703]","[9.586000375, 0.367749375, -3.309744375]","[-0.00875735503261, 1.13761170306e-06, 0.401863955024]"
12,"[[[[-0.32231222 -0.72179485 -0.61247615], [-0.64862905  0.63964438 -0.41247475], [ 0.68948908  0.26432417 -0.67434231]]]]","[[[[-0.05883994], [-0.31997565], [ 0.94559687]]]]","[0.0258308729295, 0.207345115137, 0.0579449311662]","[6.56228329167, -0.2941995, -1.82240245833]","[0.0097543944523, -0.00217963175289, -0.315758645112]"
13,"[[[[-0.06231396  0.79761292  0.59994216], [ 0.86939383  0.33860231 -0.35986504], [-0.49017481  0.49916139 -0.7145394 ]]]]","[[[[-0.15821666], [-0.18103419], [ 0.97066684]]]]","[0.0921533845053, -0.0795870138909, 0.138928208459]","[7.24057658333, 0.433127041667, -1.95315779167]","[-0.00752618517764, -0.00724902073254, -0.117577233822]"
14,"[[[[-0.07586433 -0.81246826 -0.57804839], [ 0.09110965  0.57164567 -0.81542643], [ 0.99294694 -0.11452756  0.03065619]]]]","[[[[-0.09240803], [-0.30958882], [ 0.94636965]]]]","[0.0453785605519, -0.165457213089, 0.0712094334814]","[9.35717854167, -0.318716125, -2.525212375]","[0.00222820927467, -0.00942865248542, -0.433335878934]"
15,"[[[[-0.43042363  0.89543765  0.11369658], [-0.50289738 -0.13329951 -0.85400554], [-0.74955302 -0.42476188  0.50768851]]]]","[[[[ 0.01777358], [ 0.39958247], [-0.91652493]]]]","[-0.00418879020479, -0.368613538021, 0.12217304764]","[10.3133269167, -0.14709975, -4.13513741667]","[-0.00752618517764, -0.00724902073254, -0.117577233822]"
16,"[[[[ 0.45509385  0.85490799  0.24904198], [ 0.12293141  0.21668367 -0.96847099], [-0.88191692  0.47136028 -0.00648364]]]]","[[[[-0.45865221], [-0.36680154], [ 0.80937925]]]]","[0.115191730632, -0.013962634016, 0.0370009801423]","[11.32668075, -0.204305208333, -5.04225254167]","[0.000942999892148, -0.00980026039118, 0.401022507885]"
17,"[[[[-0.67522722  0.7286376   0.11469719], [-0.6240247  -0.48139305 -0.61551109], [-0.3932701  -0.48718372  0.77973755]]]]","[[[[-0.34600167], [-0.40665986], [ 0.84552386]]]]","[-0.0363028484415, 0.108908545324, 0.0949459113085]","[9.978266375, -0.0163444166667, -4.38030366667]","[-0.0040818022664, 0.00551483269737, 0.0469622932658]"
18,"[[[[ 0.3317901   0.60084307  0.72725713], [-0.59639804  0.73091377 -0.33177469], [-0.73090677 -0.32365517  0.60085158]]]]","[[[[-0.29443719], [ 0.43998801], [-0.84836153]]]]","[-0.0830776723949, 0.293215314335, 0.0453785605519]","[9.25911204167, 0.277855083333, -3.86545454167]","[-0.00313880237426, -0.00428542769381, 0.447984801151]"
19,"[[[[ 0.22456641  0.97433917  0.01526763], [ 0.95486867 -0.21689897 -0.20293019], [-0.1944113   0.06014989 -0.97907417]]]]","[[[[ 0.27207681], [-0.34827508], [ 0.89703884]]]]","[-0.13962634016, 0.416784625376, 0.111701072128]","[8.360169125, 0.359577166667, -3.12995579167]","[-0.0040818022664, 0.00551483269737, 0.0469622932658]"
20,"[[[[ 0.96351067 -0.21500534 -0.15943619], [ 0.21461099  0.97649695 -0.0198956 ], [ 0.15996661 -0.01504714  0.98700773]]]]","[[[[-0.13398335], [ 0.43565979], [-0.89008371]]]]","[-0.0984365698125, -0.0628318530718, 0.0949459113085]","[7.036271375, 0.302371708333, -1.85509129167]","[0.0203769914727, -0.0023502811582, -0.439526663853]"
21,"[[[[-0.56531937 -0.62237375 -0.54135471], [-0.63628002 -0.08863704  0.76634927], [-0.52493975  0.77768528 -0.34589575]]]]","[[[[ 0.44908856], [-0.36868124], [ 0.81387567]]]]","[-0.106116018521, -0.10471975512, -0.120776784238]","[8.71974629167, -0.14709975, -2.71317316667]","[-0.00277141252621, 0.00232582030841, -0.0278104118308]"
22,"[[[[ 0.43999675  0.44650798 -0.77912354], [-0.33400973  0.88674649  0.31955933], [ 0.83357085  0.11962977  0.53930358]]]]","[[[[ 0.74002951], [-0.36477702], [ 0.56506111]]]]","[0.100530964915, -0.190589954318, 0.00279252680319]","[9.978266375, 0.392266, -3.85728233333]","[0.0176055789465, -2.4460849793e-05, -0.467337075684]"
23,"[[[[-0.53798883  0.83595948  0.10835022], [-0.12443546  0.04837003 -0.99104801], [-0.83371688 -0.54665537  0.07800047]]]]","[[[[ 0.38153889], [-0.38577191], [ 0.84000483]]]]","[0.171740398396, -0.312763001957, 0.249931148886]","[9.82299441667, 0.0817220833333, -4.40482029167]","[-0.00183452097132, -0.0117748252639, 0.253501211555]"
24,"[[[[ 0.12105593 -0.98953176 -0.07856438], [-0.9732855  -0.13387777  0.18652635], [-0.19509177  0.05388545 -0.97930361]]]]","[[[[-0.32063456], [-0.40862933], [ 0.85452651]]]]","[-0.339990138288, -0.479616478448, 0.0991347015133]","[8.71974629167, -0.416782625, -4.98504708333]","[-0.0193159502437, -0.000658312133623, 0.0420016869532]"
25,"[[[[-0.37056502  0.91970114  0.12973581], [-0.10808956  0.09602942 -0.98949229], [-0.92249564 -0.38069432  0.06382495]]]]","[[[[ 0.57165354], [-0.14877425], [ 0.80689432]]]]","[-0.0383972435439, -0.374198591628, 0.12287117934]","[7.78811454167, 0.236994041667, -5.47537958333]","[-0.00360750037046, 0.00471018447495, -0.00970195347713]"
26,"[[[[-0.39504338  0.21175495 -0.89392425], [ 0.86096488  0.42475572 -0.27986079], [ 0.32043753 -0.88019454 -0.35011051]]]]","[[[[ 0.98492312], [-0.05953577], [ 0.16242521]]]]","[0.051661745859, -0.222704012554, 0.00418879020479]","[7.673703625, 0.24516625, -6.08829520833]","[-0.00301943962039, 0.00746314479062, -0.014119689573]"
27,"[[[[ 0.24758971 -0.82195279 -0.51292587], [ 0.89777068 -0.00442213  0.44044097], [-0.36428991 -0.56953846  0.73683024]]]]","[[[[ 0.44336426], [ 0.06648746], [-0.89387222]]]]","[0.0425860337487, 0.187099295814, 0.0649262481742]","[7.01992695833, -0.424954833333, -6.03926195833]","[-0.0122608542133, -0.00196175540348, -0.00720521809219]"
28,"[[[[ 0.79246173 -0.60471829  0.07949964], [ 0.57855441  0.78655585  0.2158812 ], [-0.19307821 -0.12508272  0.97317784]]]]","[[[[ 0.22475268], [ 0.20772336], [-0.95201746]]]]","[0.0823795406941, 0.0544542726622, -0.0342084533391]","[7.256921, -0.604743416667, -6.202706125]","[-0.0118717390265, -0.0236275945581, -0.00821445770187]"
29,"[[[[-0.45939817 -0.7071261  -0.53751837], [-0.73942175  0.63976039 -0.20967147], [ 0.49214713  0.30113009 -0.81676917]]]]","[[[[ 0.13749232], [-0.09398171], [ 0.98603413]]]]","[-0.0195476876223, -0.0111701072128, 0.110304808726]","[7.55929270833, 0.335060541667, -6.21087833333]","[0.00798503694721, -0.00755166234219, 0.000691686275084]"
30,"[[[[ 0.6350782   0.66336075  0.39576281], [-0.6935792   0.71524323 -0.08587785], [-0.34003466 -0.21995371  0.9143286 ]]]]","[[[[ 0.03523743], [-0.11738814], [ 0.99246075]]]]","[-0.0216420827247, -0.0181514242207, 0.145211393766]","[7.232404375, 0.424954833333, -6.56228329167]","[0.0059701210108, -0.018867468934, 0.000820280594496]"
31,"[[[[  9.99684860e-01   8.37222866e-04  -2.50894503e-02], [ 0.00322456  0.98688153  0.16141389], [ 0.02489545 -0.16144393  0.98656783]]]]","[[[[ 0.96809269], [ 0.12102747], [-0.21942858]]]]","[-0.127059969545, 0.127059969545, 0.168249739892]","[7.10982125, -0.547537958333, -6.16184508333]","[-0.0060351802125, -0.0767091466846, 0.00173831655695]"
32,"[[[[ 0.4615645  -0.46961941  0.75260602], [-0.51483531 -0.83269922 -0.20385436], [ 0.72242842 -0.29337622 -0.62612106]]]]","[[[[-0.9821216], [-0.01548958], [ 0.18760927]]]]","[-0.12287117934, -0.154287105876, 0.190589954318]","[7.183371125, -1.31572554167, -6.472389]","[-0.02610276793, -0.10747801187, -0.00250923108872]"
33,"[[[[ 0.4201571   0.74850108 -0.513044  ], [-0.89194818  0.44470075 -0.08166819], [ 0.16702232  0.49192213  0.85446835]]]]","[[[[ 0.66906393], [ 0.16239268], [-0.72524622]]]]","[0.0614355896702, 0.0837758040957, 0.0684169066782]","[7.07713241667, -1.09507591667, -6.70121083333]","[-0.0141567058604, -0.0629648478346, 0.00692950357172]"
34,"[[[[-0.81661524 -0.56181547 -0.13229863], [ 0.5743423  -0.76825135 -0.28270264], [ 0.05718811 -0.30684399  0.95004015]]]]","[[[[ 0.4956243], [-0.43708135], [ 0.7505441]]]]","[-0.062133721371, 0.00279252680319, 0.0328121899375]","[7.53477608333, -1.43830866667, -6.81562175]","[-0.0124591453769, -0.0407154962759, 0.0108991144113]"
35,"[[[[ 0.04774204  0.85611195  0.51458043], [-0.59693716  0.43750563 -0.67249896], [-0.80086623 -0.27506571  0.53193245]]]]","[[[[ 0.22905451], [-0.39009457], [ 0.89182973]]]]","[0.0712094334814, -0.0460766922527, 0.0013962634016]","[7.085304625, -0.956148375, -6.40701133333]","[0.000573495341232, 0.0197784630384, -0.00208925946863]"
36,"[[[[-0.16225273 -0.97701005  0.13829464], [ 0.44607734 -0.19763833 -0.87289982], [ 0.88016422 -0.07994027  0.4678894 ]]]]","[[[[ 0.17062074], [-0.23362211], [ 0.95724045]]]]","[0.106814150222, 0.120776784238, 0.00209439510239]","[7.31412645833, -0.473988083333, -6.41518354167]","[0.00905701785377, 0.0503475393657, -0.00385352607704]"
37,"[[[[-0.64611826  0.5320675  -0.54720688], [-0.68269916 -0.72345114  0.10266602], [-0.34125218  0.43991206  0.83067703]]]]","[[[[ 0.89702852], [ 0.08458653], [-0.4338029]]]]","[0.0572467994654, -0.0111701072128, -0.00349065850399]","[7.31412645833, -0.523021333333, -6.09646741667]","[0.0241597201342, 0.117247254966, -0.0094545421263]"
38,"[[[[ 0.16407445  0.70348794  0.69150871], [ 0.91090156 -0.37709704  0.16749977], [ 0.37859996  0.60241393 -0.70268025]]]]","[[[[-0.29375709], [-0.20562959], [ 0.93350053]]]]","[0.0593411945678, 0.072605696883, 0.0565486677646]","[7.09347683333, -0.375921583333, -6.06377858333]","[0.0287714221652, 0.11327038991, -0.0103991501702]"
39,"[[[[-0.02663536  0.98239226 -0.18492164], [-0.61774997 -0.16161317 -0.76958831], [-0.78592336  0.09373707  0.61117741]]]]","[[[[ 0.17672435], [ 0.23833852], [-0.95496767]]]]","[0.138928208459, 0.00837758040957, 0.0537561409614]","[7.05261579167, -0.179788583333, -6.12915625]","[0.0295608091951, 0.116222173005, 4.8131587528e-05]"
40,"[[[[ 0.94987808 -0.11357594  0.29125957], [-0.16964177 -0.96983185  0.17506527], [ 0.26258961 -0.21570045 -0.94048924]]]]","[[[[-0.25236558], [-0.30482695], [ 0.91836384]]]]","[0.151494579073, 0.0628318530718, 0.0502654824574]","[8.20489716667, 0.449471458333, -6.88099941667]","[0.0232866658263, 0.0878457423921, 0.00483378459049]"
41,"[[[[ 0.72444423 -0.45037434 -0.52186541], [ 0.67494587  0.6173018   0.40421102], [ 0.14010219 -0.64505925  0.75117903]]]]","[[[[ 0.73004433], [-0.09266555], [-0.67708816]]]]","[-0.0614355896702, -0.0223402144255, 0.0537561409614]","[7.48574283333, 0.473988083333, -6.26808379167]","[0.020047689527, 0.0808303498535, 0.00763724874818]"
42,"[[[[-0.42252801  0.73229293  0.53405725], [ 0.87233982  0.16867435  0.45888147], [ 0.2459539   0.65976968 -0.71007792]]]]","[[[[-0.6017354], [ 0.00320871], [ 0.79868906]]]]","[-0.152192710774, 0.0795870138909, 0.0488692190558]","[7.624670375, 0.0653776666667, -6.33346145833]","[-0.00153687976947, 0.00957882677048, -0.00228590646091]"
43,"[[[[ 0.80015169  0.58419964 -0.13589723], [ 0.55234593 -0.6293628   0.54664106], [ 0.23381885 -0.51245804 -0.826266  ]]]]","[[[[ 0.32244491], [-0.55203863], [ 0.76894904]]]]","[-0.0781907504893, -0.0467748239534, 0.169646003294]","[7.46939841667, -0.302371708333, -5.91667883333]","[-0.0274440652354, -0.0539103381973, -0.00844755828358]"
44,"[[[[-0.10090886  0.87009317 -0.48244717], [-0.42470724 -0.47619085 -0.76997795], [-0.89968948  0.12720121  0.41758674]]]]","[[[[-0.22925542], [-0.25835704], [ 0.93845276]]]]","[0.0146607657168, 0.0404916386463, 0.120776784238]","[7.50208725, -0.792704208333, -6.349805875]","[-0.0384753754073, -0.117159386115, -0.00127121038639]"
45,"[[[[ 0.91143525  0.25674916  0.32150529], [-0.20144374  0.95980888 -0.19541578], [-0.35875647  0.1133436   0.92652416]]]]","[[[[-0.03699416], [-0.24057719], [ 0.96992476]]]]","[-0.0733038285838, -0.0404916386463, 0.11379546723]","[6.9627215, -1.446480875, -6.29260041667]","[-0.0282450546148, -0.114456053915, 0.00589503847644]"
46,"[[[[-0.21536795 -0.767033   -0.60438152], [-0.74984605 -0.26658232  0.6055285 ], [-0.62557777  0.58360453 -0.51774338]]]]","[[[[ 0.43654434], [-0.27522241], [ 0.8565522]]]]","[-0.247138622082, 0.213628300444, 0.15777776438]","[7.39584854167, -0.858081875, -6.30894483333]","[-0.0151263910383, -0.0790744392575, 0.00644023473431]"
47,"[[[[ 0.54852988 -0.37069638 -0.74946592], [-0.43922806 -0.89046364  0.11896729], [-0.71147289  0.26392935 -0.65126617]]]]","[[[[ 0.37052144], [-0.35823282], [ 0.85696156]]]]","[-0.233175988066, 0.460766922527, 0.131946891451]","[8.27844704167, -0.228821833333, -5.88399]","[-0.00798603801621, -0.060910383246, 0.0232092138174]"
48,"[[[[-0.65054179  0.43704869 -0.62111498], [-0.07302822  0.77803912  0.62395674], [ 0.75595122  0.45126886 -0.47423008]]]]","[[[[ 0.22057636], [-0.16487229], [ 0.96133407]]]]","[-0.14032447186, -0.0244346095279, 0.247138622082]","[8.556302125, 0.367749375, -4.98504708333]","[0.000744925419778, -0.00985781143879, 0.008171050561]"
49,"[[[[-0.75854019  0.16195095  0.63118038], [-0.36484134 -0.90811954 -0.20544997], [ 0.53991442 -0.38612276  0.74793157]]]]","[[[[-0.40172954], [ 0.21276133], [-0.89069972]]]]","[-0.055152404363, -0.157079632679, 0.114493598931]","[7.99241975, -0.93163175, -5.712373625]","[0.0112208502649, -0.0236080434797, 0.000528340399416]"
50,"[[[[ 0.88522963  0.42397071 -0.19135658], [ 0.42579799 -0.57297758  0.70028049], [ 0.18725539 -0.70138828 -0.68774261]]]]","[[[[ 0.68309247], [-0.2721331], [ 0.6777376]]]]","[0.275762021815, 0.149400183971, -0.0495673507566]","[7.80445895833, -1.36475879167, -6.04743416667]","[0.0467906835662, -0.0517777087493, 0.0030331184656]"
51,"[[[[ 0.50856294 -0.82628051 -0.24212447], [ 0.85996267  0.47347593  0.19048555], [-0.04275439 -0.30509189  0.95136271]]]]","[[[[ 0.10907615], [ 0.15453079], [-0.98194838]]]]","[0.493579112464, -0.0300196631343, -0.147305788868]","[6.63583316667, -1.65895829167, -6.42335575]","[0.095138102046, -0.0193712852283, -0.00116207983314]"
52,"[[[[ 0.91282808  0.40491815  0.05278434], [ 0.40672803 -0.91307623 -0.02939576], [ 0.03629325  0.04830215 -0.99817318]]]]","[[[[-0.05440014], [-0.32769696], [ 0.94321542]]]]","[0.460068790826, -0.0984365698125, -0.189891822617]","[7.04444358333, -0.947976166667, -6.9627215]","[0.0739707266372, 0.033336433877, 0.00166663598947]"
53,"[[[[-0.63914188  0.73478863  0.22711962], [-0.76219004 -0.5656943  -0.31473211], [-0.1027813  -0.37426678  0.9216075 ]]]]","[[[[ 0.16977261], [ 0.15414417], [-0.9733534]]]]","[0.401425727959, -0.0328121899375, 0.0356047167407]","[7.01992695833, 0.0326888333333, -6.68486641667]","[0.0528694500865, 0.145722399327, 0.00434983219373]"
54,"[[[[ 0.99592459 -0.04136345  0.08014539], [ 0.05081796  0.99150026 -0.11976963], [-0.07451009  0.12335434  0.9895615 ]]]]","[[[[ 0.42185892], [ 0.10989657], [-0.89997655]]]]","[-0.181514242207, -0.0411897703471, 0.15777776438]","[7.39584854167, 0.498504708333, -6.01474533333]","[-0.0301571641128, 0.123425870438, -0.00410834273044]"
55,"[[[[-0.49497083  0.7387542   0.45743427], [ 0.86240794  0.48196003  0.15481303], [-0.10609626  0.47112288 -0.87566364]]]]","[[[[-0.43912065], [ 0.05371694], [ 0.8968208]]]]","[-0.501956692874, -0.0376991118431, 0.454483737219]","[7.33864308333, 0.261510666667, -6.45604458333]","[-0.0998066339342, 0.0946955019454, 0.00544032322198]"
56,"[[[[ 0.833464   -0.44404544  0.32887902], [ 0.45037843  0.89073274  0.06127361], [-0.32015158  0.09705067  0.94238216]]]]","[[[[ 0.06999565], [ 0.31380755], [-0.94690307]]]]","[-0.722566310326, 0.212232037043, 0.427954732589]","[8.52361329167, -0.964320583333, -5.099458]","[-0.132589183525, -0.0235847366789, 0.0151851549357]"
57,"[[[[ 0.95126812  0.26981409  0.14929609], [-0.28638379  0.9525305   0.10329553], [-0.11433849 -0.14101772  0.98338228]]]]","[[[[-0.29001572], [ 0.40693886], [-0.86619377]]]]","[-0.363028484415, 0.0376991118431, 0.135437549955]","[8.556302125, -1.21765904167, -4.96053045833]","[-0.0916876356766, -0.0895157229249, -0.00161500184655]"
58,"[[[[ 0.98556768 -0.11145853 -0.12741011], [-0.11127317 -0.9937527   0.0085941 ], [-0.12757202  0.00570726 -0.99181289]]]]","[[[[ 0.13509609], [-0.3708102], [ 0.91883015]]]]","[-0.0614355896702, 0.272271363311, -0.013962634016]","[7.379504125, -2.10025754167, -5.91667883333]","[-0.00803210269298, -0.140263448805, 0.0033019794886]"
59,"[[[[ 0.47595981 -0.79208934 -0.38217369], [ 0.81081264  0.56352786 -0.15817464], [ 0.34065397 -0.23458648  0.91045266]]]]","[[[[ 0.22355825], [ 0.34283619], [-0.91240619]]]]","[0.424464074085, 0.0998328332141, -0.0977384381117]","[7.22423216667, -2.92565058333, -6.41518354167]","[0.0727300832705, -0.133670632629, 0.00365207562802]"
60,"[[[[-0.22182543 -0.92834986 -0.29826167], [-0.93433677  0.2898705  -0.20734002], [ 0.27894134  0.23268356 -0.93169206]]]]","[[[[ 0.05215861], [-0.28262207], [ 0.95781222]]]]","[0.781907504893, 0.0439822971503, -0.256214334193]","[7.085304625, -1.56089179167, -6.95454929167]","[0.0547434271377, -0.0218241086815, 0.00372998267394]"
61,"[[[[-0.1220536  -0.00249018  0.99252039], [ 0.32734885 -0.94414371  0.03788639], [ 0.93698754  0.32952457  0.1160513 ]]]]","[[[[-0.96821907], [-0.10342774], [ 0.22771589]]]]","[0.634601716025, -0.111701072128, -0.159174027782]","[7.00358254167, 0.800876416667, -6.68486641667]","[0.134513938032, 0.115440290124, 0.0100080217379]"
62,"[[[[ 0.22607746  0.96125323  0.15773776], [-0.63435271  0.2681696  -0.72503911], [-0.73924666  0.06385363  0.67040069]]]]","[[[[ 0.0169079], [ 0.20685912], [-0.97822463]]]]","[0.142418866963, -0.055152404363, 0.013962634016]","[7.51843166667, 1.94498558333, -6.29260041667]","[0.0404617103143, 0.131069410147, 0.00572311953056]"
