frameNum,rotation,translation,imu angular velocity,imu linear velocity,groundtruth
1,"[[[[ 0.45801976 -0.71462686 -0.52870251], [-0.75790027 -0.62473732  0.18785756], [-0.46454825  0.3146613  -0.82775793]]]]","[[[[ 0.45382475], [ 0.28442123], [ 0.8444807]]]]","[0.0146607657168, -0.0342084533391, 0.0523598775598]","[10.3051547083, 0.155271958333, -2.819411875]","[0.0598997443286, -0.0496142488674, 0.00716281216059]"
2,"[[[[ 0.52031919 -0.25347208 -0.81548749], [-0.69072401 -0.68644897 -0.22735028], [-0.5021636   0.6815715  -0.53225182]]]]","[[[[ 0.38149118], [ 0.11808058], [ 0.91679957]]]]","[-0.0202458193231, -0.0279252680319, 0.0851720674973]","[10.027299625, -0.114410916667, -3.726527]","[0.109263035517, -0.108168629061, 0.0251780360848]"
3,"[[[[ 0.90922131 -0.09524959  0.40527044], [ 0.15233044  0.98208385 -0.11093577], [-0.38744297  0.16260019  0.90744098]]]]","[[[[ 0.11150375], [-0.06619527], [ 0.99155691]]]]","[-0.0230383461263, -0.0258308729295, 0.249233017185]","[7.80445895833, -0.424954833333, -2.97468383333]","[0.0987269900657, -0.0902488463323, 0.00910540486573]"
4,"[[[[ 0.97197186  0.23275716 -0.03308787], [-0.2249544   0.9616745   0.15677267], [ 0.06830972 -0.14493537  0.9870803 ]]]]","[[[[-0.50433894], [-0.20894954], [-0.83784385]]]]","[-0.0509636141582, 0.0474729556542, 0.0544542726622]","[10.1907437917, 0.972492791667, -2.82758408333]","[0.0587176143831, -0.048250460647, 0.028571472732]"
5,"[[[[ 0.88756238 -0.39034961 -0.24466346], [ 0.43118864  0.89088057  0.14285718], [ 0.16220168 -0.23229076  0.95902639]]]]","[[[[ 0.57418127], [-0.00548611], [-0.81870982]]]]","[-0.00837758040957, 0.116587994033, 0.0383972435439]","[9.82299441667, -0.024516625, -3.726527]","[0.0666712817724, -0.0668452303643, 0.0345224866263]"
6,"[[[[-0.73794352  0.11538606  0.66492513], [-0.11066867 -0.99262732  0.04943132], [ 0.66572653 -0.03710886  0.74527252]]]]","[[[[ 0.12777665], [ 0.14638219], [ 0.98094107]]]]","[-0.203854456633, -0.0258308729295, 0.103323491718]","[8.09865845833, -0.0980665, -2.26370170833]","[0.0556314414065, -0.0666239802124, -0.0112652884073]"
7,"[[[[ 0.97118496 -0.21345025  0.10601308], [ 0.21884337  0.97485494 -0.04201705], [-0.09437882  0.06400659  0.99347662]]]]","[[[[ 0.44165171], [ 0.18650598], [ 0.8775872]]]]","[-0.210835773641, 0.0181514242207, 0.14870205227]","[7.69822025, 0.122583125, -2.86027291667]","[0.050663686941, -0.0601016134192, -0.049007825321]"
8,"[[[[ 0.63515087 -0.53312188  0.55889573], [ 0.76233488  0.54905748 -0.34260971], [-0.12421315  0.64367456  0.75515174]]]]","[[[[ 0.18539358], [-0.14827106], [ 0.97141387]]]]","[-0.14032447186, -0.0886627260013, 0.0802851455917]","[6.987238125, 0.204305208333, -2.90930616667]","[0.0195144471382, -0.0330997029273, -0.00578608013208]"
9,"[[[[ 0.27693491 -0.40999928  0.86902684], [ 0.85442331 -0.30870532 -0.41792564], [ 0.43962242  0.85825498  0.26482167]]]]","[[[[-0.97664875], [-0.01440657], [ 0.21435876]]]]","[-0.0265290046303, -0.0167551608191, 0.112399203828]","[9.25911204167, 0.678293291667, -4.23320391667]","[0.0245722880992, -0.0455700546189, 0.0286966286558]"
10,"[[[[ 0.18556823  0.43776202 -0.87973226], [ 0.78206475 -0.60783934 -0.13749933], [-0.59492786 -0.66249208 -0.45515391]]]]","[[[[ 0.5065558], [ 0.24082081], [ 0.82789284]]]]","[-0.0132645023152, 0.0698131700798, 0.0984365698125]","[5.957539875, -0.400438208333, -2.819411875]","[0.0262489876935, -0.053216973467, 0.0290160514779]"
11,"[[[[-0.52210831 -0.85221026 -0.03377259], [-0.85170736  0.51890695  0.07300796], [-0.0446933   0.06688242 -0.99675937]]]]","[[[[ 0.46660249], [ 0.10139928], [ 0.87863548]]]]","[0.0488692190558, -0.0216420827247, 0.104021623419]","[11.7271189583, 0.122583125, -3.849110125]","[0.016247369862, -0.0245530191612, -0.00698859840014]"
12,"[[[[-0.6942331   0.60737885 -0.38617526], [-0.52287837 -0.79430905 -0.30930786], [-0.49460955 -0.01280906  0.8690209 ]]]]","[[[[ 0.13081636], [ 0.06241375], [ 0.98944005]]]]","[-0.0705113017806, -0.145211393766, 0.0467748239534]","[10.1662271667, 0.498504708333, -3.2361945]","[0.0391913879204, -0.0633237402313, 0.00936793040971]"
13,"[[[[-0.58770529 -0.66821605  0.45616861], [-0.58651255  0.74024102  0.32870392], [-0.55731995 -0.07436758 -0.82696066]]]]","[[[[ 0.0874994], [-0.24473389], [ 0.96563408]]]]","[-0.00418879020479, -0.0942477796077, 0.0425860337487]","[7.78811454167, 0.2941995, -3.334261]","[0.0332555853194, -0.0618959261006, -0.0134008181526]"
14,"[[[[-0.23417469  0.96466483 -0.12076413], [-0.86965097 -0.15232435  0.46957906], [ 0.43459108  0.21498618  0.87459221]]]]","[[[[-0.02298256], [ 0.03350128], [-0.99917439]]]]","[-0.0356047167407, -0.0753982236862, 0.0928515162061]","[10.395049, -0.473988083333, -3.88179895833]","[0.0691441549198, -0.0804779899983, -0.055479131097]"
15,"[[[[ 0.56132216  0.43683098 -0.70291971], [ 0.33866425 -0.89622256 -0.2865164 ], [-0.75513175 -0.07722577 -0.65100862]]]]","[[[[ 0.45540495], [ 0.13281993], [ 0.88032108]]]]","[0.115191730632, 0.317649923863, 0.309272343453]","[9.47976166667, -0.0572054583333, -3.58759945833]","[0.091731673153, -0.0731571484364, -0.0140688322646]"
16,"[[[[-0.01328737 -0.98026535  0.19723916], [-0.99483121 -0.00689934 -0.10130781], [ 0.10066936 -0.19756578 -0.97510689]]]]","[[[[-0.11902924], [ 0.23819004], [ 0.96389706]]]]","[-0.0244346095279, 0.0698131700798, 0.0390953752447]","[9.45524504167, 0.424954833333, -3.14630020833]","[0.112859961474, -0.102320541265, 0.0234626564733]"
17,"[[[[ 0.46652856 -0.88391479  0.03233797], [ 0.84867082  0.43702692 -0.29793508], [ 0.24921667  0.16643952  0.95403823]]]]","[[[[-0.07950072], [ 0.04925437], [-0.99561722]]]]","[-0.0963421747101, -0.129154364648, -0.117286125734]","[7.869836625, 0.138927541667, -4.18417066667]","[0.0913057828233, -0.107482332665, 0.051113672528]"
18,"[[[[-0.3169405  -0.91581046  0.2466575 ], [ 0.8358062  -0.14676397  0.52904473], [-0.44830426  0.37383357  0.81195551]]]]","[[[[-0.23124901], [-0.20237399], [-0.95161371]]]]","[-0.0411897703471, -0.346971455296, 0.0984365698125]","[10.8200038333, -0.138927541667, -4.62546991667]","[0.100781129156, -0.133945626134, 0.110815282311]"
19,"[[[[-0.05578873  0.66143489 -0.74792479], [-0.94095877 -0.28533652 -0.18215286], [-0.33389251  0.69360432  0.63830153]]]]","[[[[ 0.74785945], [ 0.22850282], [-0.62329183]]]]","[0.0111701072128, 0.275762021815, 0.0795870138909]","[10.14988275, 0.2941995, -3.334261]","[0.0868137293862, -0.145437554814, 0.0772042417346]"
20,"[[[[-0.05418825  0.99730136 -0.04953405], [-0.57505069  0.00938636  0.81806394], [ 0.81632122  0.07281405  0.57299021]]]]","[[[[ 0.06125014], [-0.09245112], [ 0.99383158]]]]","[0.0216420827247, 0.127758101246, 0.0663225115758]","[9.33266191667, 1.642613875, -4.56009225]","[0.0922900967492, -0.128071576379, 0.0275431032289]"
21,"[[[[ 0.07450085 -0.99636853 -0.04122354], [-0.79604294 -0.08431891  0.59933793], [-0.60063738 -0.01183548 -0.79943396]]]]","[[[[ 0.03943546], [ 0.12262297], [ 0.99166953]]]]","[-0.0453785605519, 0.00837758040957, 0.131946891451]","[9.52879491667, 1.01335383333, -4.731708625]","[0.168786321864, -0.154394008653, 0.0348815448652]"
22,"[[[[-0.76116144 -0.63921821  0.10969662], [-0.64836319  0.75415687 -0.1042717 ], [-0.01607609 -0.15049085 -0.98848068]]]]","[[[[ 0.34658347], [ 0.19522625], [ 0.9174784]]]]","[-0.247836753783, 0.0991347015133, 0.248534885484]","[8.38468575, 0.988837208333, -2.21466845833]","[0.112363819508, -0.114763129419, 0.0176742467976]"
23,"[[[[ 0.32550059  0.94274891  0.07262131], [-0.8826521   0.27541091  0.38088595], [ 0.33907911 -0.18807795  0.92176572]]]]","[[[[ 0.30631532], [ 0.01423464], [ 0.95182367]]]]","[-0.471937029739, 0.221307749153, 0.397935069455]","[9.97009416667, -0.63743225, -4.731708625]","[0.233157694057, -0.212095992147, -0.0272352430603]"
24,"[[[[-0.80446842 -0.58927578  0.07473025], [ 0.54344778 -0.78094817 -0.30787087], [ 0.2397813  -0.20706041  0.94848875]]]]","[[[[-0.26915915], [ 0.23475512], [ 0.93404678]]]]","[-0.335103216383, -0.0335103216383, 0.10471975512]","[8.42554679167, -1.79788583333, -3.26888333333]","[0.2158375037, -0.197397507226, -0.0320040587705]"
25,"[[[[-0.09155078  0.99448481  0.05117052], [ 0.79525443  0.04208969  0.60481307], [ 0.59932366  0.09606469 -0.79472179]]]]","[[[[ 0.44671863], [-0.30837574], [ 0.83984931]]]]","[-0.180117978806, -0.0223402144255, 0.142418866963]","[9.79030558333, -0.073549875, -2.81123966667]","[0.116846488694, -0.121536392921, -0.0176579630265]"
26,"[[[[ 0.49333446  0.47191579 -0.73069597], [-0.02592203 -0.83168589 -0.55464099], [-0.86945337  0.29256464 -0.39806629]]]]","[[[[ 0.40001047], [ 0.38909467], [ 0.82981742]]]]","[-0.0300196631343, -0.0390953752447, 0.0174532925199]","[8.20489716667, 0.678293291667, -1.38110320833]","[0.151550736427, -0.219842545793, -0.0722963135961]"
27,"[[[[ 0.08939775  0.79979609 -0.5935775 ], [ 0.06475695 -0.59937018 -0.79784831], [-0.99388862  0.03288758 -0.1053747 ]]]]","[[[[ 0.30145439], [ 0.22596344], [ 0.9263184]]]]","[0.051661745859, 0.0237364778271, 0.121474915939]","[8.96491254167, 0.269682875, -1.35658658333]","[0.100179447402, -0.169342630815, -0.056670522746]"
28,"[[[[ 0.10019565 -0.04621861 -0.99389369], [-0.99496755 -0.00401762 -0.10011708], [  6.34186869e-04   9.98923270e-01  -4.63885623e-02]]]]","[[[[ 0.99879883], [-0.03613952], [ 0.03308831]]]]","[0.0788888821901, 0.215722695546, 0.246440490382]","[7.80445895833, -0.433127041667, -2.68865654167]","[0.0709255991157, -0.136187683088, -0.0186338465717]"
29,"[[[[-0.89904425  0.40335659 -0.1703611 ], [-0.39635871 -0.58437428  0.70810061], [ 0.1860624   0.70413789  0.68525223]]]]","[[[[-0.51659912], [ 0.12649726], [ 0.84683162]]]]","[-0.167551608191, -0.0376991118431, 0.0425860337487]","[9.39803958333, 0.588399, -3.947176625]","[0.0684345042363, -0.163326216009, -0.0072129163849]"
30,"[[[[ 0.39186322  0.33598145 -0.85648099], [ 0.39056638 -0.90363579 -0.17578471], [-0.83300727 -0.26562911 -0.48532469]]]]","[[[[ 0.56064936], [-0.24637774], [ 0.79055063]]]]","[-0.412595835171, -0.0649262481742, 0.190589954318]","[7.99241975, 0.0572054583333, -3.73469920833]","[0.0379403633703, -0.156355779461, -0.0201632392454]"
31,"[[[[-0.66307885 -0.09798596 -0.74210861], [-0.03994495  0.99461467 -0.09563508], [ 0.74748301 -0.0337701  -0.66342199]]]]","[[[[ 0.18207736], [ 0.23502625], [ 0.95478296]]]]","[-0.574562389757, -0.0502654824574, 0.299498499642]","[7.7472535, -0.179788583333, -3.34243320833]","[0.0112777061852, -0.0933604934948, 0.00896865798479]"
32,"[[[[ 0.74098299 -0.41906835 -0.5247151 ], [-0.30066005 -0.90572221  0.2987822 ], [-0.60045628 -0.06363166 -0.79712186]]]]","[[[[ 0.18763052], [-0.37567322], [ 0.9075596]]]]","[-0.441917366605, 0.0397935069455, 0.233874119767]","[9.45524504167, 0.335060541667, -3.702010375]","[-0.0138165805469, -0.17828556318, 0.0712268577171]"
33,"[[[[ 0.38014514 -0.77478993 -0.50516358], [ 0.92403967  0.29421755  0.24410391], [-0.04050126 -0.5595861   0.827782  ]]]]","[[[[ 0.13881382], [ 0.37003204], [ 0.91858969]]]]","[-0.13962634016, -0.259704992697, 0.116587994033]","[10.5584931667, -0.220649625, -3.62028829167]","[-0.0300019838341, -0.127978912561, 0.0626364027928]"
34,"[[[[ 0.73316867 -0.56665202 -0.37599095], [ 0.67908945  0.63938348  0.36059157], [ 0.03607246 -0.51970592  0.85358335]]]]","[[[[ 0.12584648], [-0.31633834], [-0.94026205]]]]","[0.0230383461263, 0.302291026445, 0.0216420827247]","[10.0354718333, 0.34323275, -2.73768979167]","[-0.040187292062, -0.118648732109, 0.00884085809389]"
35,"[[[[ 0.01102503 -0.99532088  0.09599375], [ 0.83131653 -0.04422574 -0.55403693], [ 0.55568992  0.08590946  0.8269391 ]]]]","[[[[-0.32019462], [ 0.58445509], [ 0.74557874]]]]","[0.0565486677646, -0.242949831878, 0.0446804288511]","[7.36315970833, -0.4903325, -3.162644625]","[-0.0423332579847, -0.121123157019, -0.0442078650204]"
36,"[[[[ 0.02870857  0.99916881  0.02893977], [-0.98797382  0.02396259  0.15275315], [ 0.15193271 -0.03297706  0.98784056]]]]","[[[[ 0.28612591], [ 0.14588757], [ 0.947021]]]]","[0.00698131700798, 0.13124875975, 0.136833813356]","[10.2316048333, 0.228821833333, -3.0400615]","[-0.0346381908157, -0.127359209754, -0.0812471867328]"
37,"[[[[ 0.20492729 -0.93765351 -0.28073245], [-0.88116999 -0.05188179 -0.46994439], [ 0.4260801   0.34367744 -0.83686413]]]]","[[[[ 0.31570044], [ 0.314096], [ 0.89536414]]]]","[-0.150796447372, 0.0314159265359, 0.12217304764]","[8.89136266667, 0.204305208333, -3.19533345833]","[-0.0464682688113, -0.0967983721066, -0.118361218769]"
38,"[[[[-0.77115947  0.63646169  0.0151523 ], [-0.53876806 -0.63974073 -0.54814302], [-0.33917849 -0.43086926  0.83624735]]]]","[[[[ 0.27382187], [-0.01051959], [ 0.96172289]]]]","[-0.106116018521, 0.00279252680319, 0.10471975512]","[9.52879491667, -0.0326888333333, -3.36694983333]","[-0.0397571475045, -0.0785624648613, -0.0789089313926]"
39,"[[[[  4.38030380e-01   8.98959757e-01  -8.61408417e-04], [-0.81940152  0.39887006 -0.41168412], [-0.36974387  0.18103599  0.9113262 ]]]]","[[[[-0.41402647], [ 0.35242648], [-0.8392721]]]]","[-0.466351976133, -0.00279252680319, 0.312064870257]","[7.477570625, -0.212477416667, -2.78672304167]","[-0.0604796279035, -0.072211973931, -0.0481029637942]"
40,"[[[[-0.50892319 -0.01822904 -0.8606189 ], [-0.72426806 -0.53125846  0.43954548], [-0.46522356  0.84701367  0.25716704]]]]","[[[[ 0.05981819], [ 0.7736042], [ 0.63083938]]]]","[-0.38467056714, -0.14870205227, 0.216420827247]","[10.3378435417, -0.588399, -3.211677875]","[-0.0902888117732, -0.05437435244, 0.00318274213222]"
41,"[[[[ 0.52809035  0.83074148 -0.17603741], [ 0.64579372 -0.25826786  0.71850413], [ 0.55142638 -0.49311895 -0.6728764 ]]]]","[[[[ 0.05772672], [-0.25850639], [ 0.96428319]]]]","[-0.173834793499, 0.0495673507566, 0.159872159483]","[11.1468921667, 0.0653776666667, -4.486542375]","[-0.0811628179722, -0.0302702507423, 0.0351657727057]"
42,"[[[[-0.86883453  0.49377855 -0.03618445], [-0.45039213 -0.81861087 -0.35640311], [-0.20560519 -0.29335813  0.93363136]]]]","[[[[-0.25111774], [-0.00804614], [ 0.96792311]]]]","[0.0523598775598, 0.109606677025, 0.0935496479069]","[10.1090217083, 0.0, -4.045243125]","[-0.065540497178, -0.0158686296786, 0.0236389323471]"
43,"[[[[-0.0996961   0.97307223 -0.20782473], [ 0.34859676 -0.1614704  -0.92325923], [-0.93195547 -0.16449237 -0.32311185]]]]","[[[[-0.62070725], [ 0.7800058], [-0.07945733]]]]","[0.0628318530718, -0.0823795406941, 0.0488692190558]","[7.9433865, -0.04903325, -2.33725158333]","[-0.0827337751007, -0.00903740196502, -0.0102054831251]"
44,"[[[[ 0.47505866  0.86481044  0.16254902], [-0.74725492  0.49402437 -0.44446598], [-0.46468199  0.08968185  0.88092441]]]]","[[[[-0.0586759], [ 0.12515121], [-0.99040109]]]]","[0.0781907504893, 0.277856416917, 0.0474729556542]","[8.74426291667, 0.596571208333, -2.41080145833]","[-0.0962430579603, 0.00929814099862, -0.054781630208]"
45,"[[[[-0.81687251 -0.32967146 -0.47332446], [ 0.50103467 -0.81211439 -0.29905598], [-0.28580338 -0.48144257  0.82857074]]]]","[[[[ 0.29115909], [-0.12257046], [-0.94879021]]]]","[-0.149400183971, 0.12217304764, 0.277158285217]","[7.869836625, 0.024516625, -3.41598308333]","[-0.0808275941412, 0.0251676770389, -0.0154299252233]"
46,"[[[[-0.2294723   0.85952117  0.45669007], [ 0.97254614  0.22113245  0.07248762], [-0.03868435  0.46078606 -0.88666777]]]]","[[[[-0.17223584], [ 0.10783913], [ 0.9791351]]]]","[-0.570373599552, -0.0411897703471, 0.135437549955]","[7.9433865, 0.947976166667, -3.77556025]","[-0.0870960088805, 0.0295667460421, 0.015624968545]"
47,"[[[[-0.34197773 -0.93740128 -0.06580325], [ 0.93969833 -0.34145326 -0.01940915], [-0.00427457 -0.0684727   0.99764383]]]]","[[[[ 0.18046822], [ 0.15656983], [-0.97103919]]]]","[-0.661828852356, -0.228289066161, 0.24504422698]","[7.624670375, 0.457643666667, -2.034879875]","[-0.105974927556, 0.0640573153936, 0.0407641206294]"
48,"[[[[ 0.68926688 -0.6522689  -0.31536717], [ 0.72016437  0.56923178  0.39665911], [-0.07921139 -0.50052019  0.86209344]]]]","[[[[ 0.46876889], [-0.33168058], [-0.81868414]]]]","[-0.261799387799, -0.0928515162061, 0.199665666428]","[9.3163175, -0.670121083333, -2.30456275]","[-0.0939599731935, 0.0630631245363, 0.0448591599072]"
49,"[[[[-0.60051552  0.29190316 -0.74442841], [ 0.73238875 -0.17285102 -0.65858123], [-0.32091715 -0.94069925 -0.10998687]]]]","[[[[ 0.9602127], [ 0.09171674], [ 0.26377946]]]]","[-0.0747000919854, 0.0390953752447, 0.127758101246]","[9.71675570833, -1.16045358333, -2.50069575]","[-0.120337665575, 0.0570573181619, 0.0510266221046]"
50,"[[[[ 0.54856045  0.34339553 -0.76233913], [ 0.58361643 -0.81016349  0.055018  ], [-0.59872639 -0.47509434 -0.64483492]]]]","[[[[ 0.6529858], [-0.12609723], [ 0.74679919]]]]","[0.0719075651822, 0.244346095279, 0.0537561409614]","[9.54513933333, 0.670121083333, -3.24436670833]","[-0.132797210188, 0.0432988969157, -0.00121418584184]"
51,"[[[[-0.29313749 -0.45988463  0.83819839], [-0.6875882   0.7105662   0.14939255], [-0.66429878 -0.53254277 -0.52450484]]]]","[[[[-0.58488152], [-0.03032494], [ 0.81055167]]]]","[0.0886627260013, 0.15777776438, 0.0293215314335]","[10.93441475, -0.114410916667, -2.917478375]","[-0.163731087196, 0.00788183151982, -0.0148861949698]"
52,"[[[[-0.19923601 -0.96111889  0.19119492], [ 0.96002853 -0.23057639 -0.15868132], [ 0.19659664  0.15193754  0.96864067]]]]","[[[[-0.38550056], [-0.33305113], [-0.86050349]]]]","[0.110304808726, 0.0, 0.0991347015133]","[10.6075264167, 0.236994041667, -3.0400615]","[-0.130630786837, -0.0078472862559, 0.00821753173034]"
53,"[[[[ 0.04306906  0.9854722   0.16428511], [ 0.99594441 -0.05535116  0.07092937], [ 0.07899229  0.16056398 -0.98385945]]]]","[[[[-0.02666526], [-0.44766588], [ 0.89380323]]]]","[0.0174532925199, 0.115191730632, 0.0404916386463]","[10.0109552083, 1.50368633333, -3.57942725]","[-0.120027146464, -0.00137512795337, -0.0338539908603]"
54,"[[[[ 0.91700128 -0.37842876 -0.12609647], [ 0.28930223  0.84861145 -0.44290272], [ 0.27461404  0.36966237  0.88765808]]]]","[[[[-0.09183212], [ 0.24609263], [-0.96488615]]]]","[-0.0439822971503, 0.0370009801423, 0.10541788682]","[8.34382470833, 1.20948683333, -2.60693445833]","[-0.103663583911, 0.0135419070246, -0.0157916553108]"
55,"[[[[ 0.50580197 -0.80550846  0.30874017], [ 0.85860966  0.43548942 -0.27044114], [ 0.08338955  0.40187696  0.91188875]]]]","[[[[-0.73182787], [-0.10635845], [-0.6731388]]]]","[-0.280648943721, 0.0188495559215, 0.182212373908]","[12.626061875, -0.179788583333, -3.88179895833]","[-0.0737991692516, 0.0166895238743, 0.0164155813787]"
56,"[[[[ 0.79522164  0.58553394  0.15739296], [-0.57529185  0.81063905 -0.10910367], [-0.19147278 -0.00378529  0.98149062]]]]","[[[[ 0.51233389], [ 0.06471634], [ 0.85634443]]]]","[-0.278554548618, -0.0942477796077, 0.391651884148]","[9.64320583333, 0.0408610416667, -2.56607341667]","[-0.10299553107, 0.0592424577753, 0.00425456452048]"
57,"[[[[-0.98015243 -0.19505104 -0.03544448], [ 0.19145655 -0.88494736 -0.4245145 ], [ 0.0514355  -0.42287499  0.9047271 ]]]]","[[[[ 0.45554682], [ 0.29088234], [-0.84134687]]]]","[-0.228289066161, -0.055152404363, 0.133343154852]","[7.43670958333, -0.326888333333, -1.72433595833]","[-0.0611680801705, 0.0541795144407, -0.0317007520604]"
58,"[[[[ 0.08687544  0.75249748  0.6528401 ], [ 0.71370977  0.41018354 -0.56777445], [-0.69503311  0.51526401 -0.50142993]]]]","[[[[-0.44732656], [ 0.22694995], [ 0.86509691]]]]","[-0.0914552528045, 0.252025543988, 0.143116998664]","[10.4849432917, 0.0408610416667, -4.094276375]","[-0.0725649203456, 0.0671933814115, -0.0250039325357]"
59,"[[[[-0.48949478 -0.65428741  0.57645714], [ 0.68311719 -0.69860047 -0.21285745], [ 0.54198318  0.28959517  0.78891626]]]]","[[[[-0.12965933], [-0.44313499], [ 0.88702866]]]]","[-0.148003920569, 0.051661745859, 0.111002940427]","[9.39803958333, 0.0163444166667, -2.8439285]","[-0.0805760459654, 0.074457301172, 0.0208896916386]"
60,"[[[[ 0.83054461 -0.32993966  0.44870421], [-0.32019412 -0.94205561 -0.10003473], [ 0.45570974 -0.06058915 -0.88806395]]]]","[[[[-0.40684036], [-0.37528889], [ 0.83285003]]]]","[-0.290422787532, -0.221307749153, 0.27087509991]","[8.458235625, 0.988837208333, -3.37512204167]","[-0.040670236519, 0.0727777116226, 0.0226427014058]"
61,"[[[[-0.74247241 -0.43379877 -0.51044427], [ 0.59809353 -0.08610548 -0.79678728], [ 0.3016933  -0.89688599  0.32338318]]]]","[[[[ 0.56431203], [ 0.43256747], [-0.70316236]]]]","[-0.315555528761, 0.00418879020479, 0.25342180739]","[7.29778204167, -0.367749375, -2.36994041667]","[-0.0531586008496, 0.13106343917, 0.0139619757426]"
62,"[[[[ 0.788993    0.35162792 -0.50383316], [-0.42138102  0.90647447 -0.02724104], [ 0.44713319  0.23379872  0.86337134]]]]","[[[[-0.29262776], [-0.45508822], [ 0.84098972]]]]","[-0.28902652413, -0.0432841654495, 0.0614355896702]","[10.73828175, -1.22583125, -3.31791658333]","[-0.0452612393875, 0.106317019314, 0.0557722802305]"
63,"[[[[ 0.37261005  0.08376938  0.92419935], [ 0.92234001  0.07628089 -0.37877451], [-0.10222845  0.99356123 -0.04884082]]]]","[[[[-0.84948197], [ 0.32361544], [ 0.41671744]]]]","[-0.076096355387, -0.0558505360638, 0.142418866963]","[12.4626177083, -0.212477416667, -4.15965404167]","[-0.061947786695, 0.131435350474, 0.0546877941546]"
64,"[[[[-0.58976281  0.76155153 -0.26873609], [ 0.5720598   0.62884187  0.52659803], [ 0.57002405  0.15683482 -0.80652057]]]]","[[[[ 0.14227399], [-0.26028372], [ 0.95499241]]]]","[0.0251327412287, 0.196175007924, -0.0132645023152]","[9.37352295833, -0.269682875, -3.56308283333]","[-0.0645356787918, 0.104718646762, -0.00386411057389]"
65,"[[[[ 0.57487522 -0.63701084 -0.51355201], [ 0.64710802  0.7380574  -0.19110859], [ 0.50076911 -0.22246003  0.83650573]]]]","[[[[-0.35974364], [-0.17154341], [ 0.91714632]]]]","[0.0216420827247, 0.118682389136, 0.0251327412287]","[9.13652891667, 0.0408610416667, -3.42415529167]","[-0.111431895072, 0.143241773695, -0.0493529770226]"
66,"[[[[-0.73807088 -0.60188436  0.30493704], [-0.32958002  0.71596176  0.61544761], [-0.58875155  0.3537428  -0.72679959]]]]","[[[[-0.39302517], [-0.32405855], [ 0.86053313]]]]","[0.0649262481742, 0.0747000919854, 0.0900589894029]","[8.38468575, 0.138927541667, -1.985846625]","[-0.0947992998265, 0.100903319776, -0.00857244201848]"
67,"[[[[ 0.95462708 -0.29778428 -0.00341502], [ 0.29774661  0.95460564 -0.00866171], [ 0.00583932  0.00725189  0.99995666]]]]","[[[[-0.17565871], [ 0.23817604], [-0.95520479]]]]","[0.00418879020479, -0.231081592964, 0.12217304764]","[10.9671035833, -0.326888333333, -4.01255429167]","[-0.0834248478694, 0.130840120459, 0.0278538645332]"
68,"[[[[ 0.00787572 -0.94962712  0.31328311], [-0.77896433  0.19062034  0.59739305], [-0.62701877 -0.24874127 -0.73822438]]]]","[[[[-0.42752947], [-0.25304815], [ 0.86786242]]]]","[-0.0474729556542, -0.055152404363, 0.0425860337487]","[7.04444358333, 0.0326888333333, -2.49252354167]","[-0.0704820433344, 0.156771968682, 0.0124785933426]"
69,"[[[[ 0.25610702  0.25371167  0.93275912], [ 0.69489807  0.62244803 -0.36010434], [-0.67195675  0.74039776 -0.01689044]]]]","[[[[-0.85796596], [ 0.51176926], [ 0.04457172]]]]","[0.0160570291183, -0.0425860337487, 0.288328392429]","[9.46341725, 0.14709975, -4.314926]","[-0.0738089071457, 0.173958661669, 0.0240981756937]"
70,"[[[[ 0.90019002  0.33884702  0.27357015], [-0.33195793  0.94049677 -0.07259315], [-0.28188982 -0.02546615  0.95910876]]]]","[[[[ 0.06965513], [-0.24353865], [ 0.96738673]]]]","[-0.144513262065, -0.062133721371, -0.162664686286]","[8.30296366667, -0.138927541667, -2.72951758333]","[-0.0904253530114, 0.157467162471, 0.0493238537455]"
71,"[[[[-0.91613324  0.08566114  0.39161467], [ 0.35323483  0.63439419  0.68758211], [-0.18953901  0.76824877 -0.61144811]]]]","[[[[-0.23836956], [-0.40752915], [ 0.88153272]]]]","[-0.0614355896702, 0.00907571211037, 0.0328121899375]","[9.83933883333, -0.138927541667, -3.8245935]","[-0.117765242848, 0.191969381528, 0.0179613796745]"
72,"[[[[-0.76309345  0.33125476  0.55494025], [ 0.64574791  0.35569447  0.67564124], [ 0.0264202   0.8739289  -0.48533519]]]]","[[[[-0.54772629], [-0.37626122], [ 0.74727733]]]]","[-0.0474729556542, 0.0397935069455, -0.0125663706144]","[9.33266191667, -0.523021333333, -4.707192]","[-0.10853684661, 0.156554879963, 0.00390686075568]"
73,"[[[[-0.03489986  0.84191446 -0.53848124], [ 0.0755675  -0.53504388 -0.84143782], [-0.99652975 -0.07005775 -0.04494841]]]]","[[[[-0.28132229], [-0.22317007], [ 0.93330214]]]]","[-0.0223402144255, 0.193382481121, 0.0753982236862]","[9.57782816667, -0.964320583333, -3.52222179167]","[-0.140687423753, 0.167230154159, 0.0267053882496]"
74,"[[[[-0.38896514  0.5601056  -0.73142863], [-0.11312858 -0.81698125 -0.56545872], [-0.91428007 -0.13719825  0.38114118]]]]","[[[[ 0.71283561], [ 0.22969675], [-0.66264982]]]]","[0.0356047167407, 0.128456232947, 0.106814150222]","[8.28661925, -0.04903325, -3.44867191667]","[-0.163482143349, 0.145648349192, 0.0576097638286]"
75,"[[[[-0.32689869 -0.00942391 -0.9450124 ], [ 0.54305343 -0.82025026 -0.17967329], [-0.77345344 -0.57192719  0.27325642]]]]","[[[[-0.28270746], [-0.25402471], [ 0.92495834]]]]","[-0.0160570291183, -0.0935496479069, 0.109606677025]","[9.69223908333, -0.4903325, -3.05640591667]","[-0.108827461916, 0.117361925461, 0.0681230182266]"
76,"[[[[-0.96975486  0.24288788 -0.02410387], [ 0.17394716  0.75700537  0.62982954], [ 0.17122472  0.60658746 -0.77635929]]]]","[[[[-0.30377289], [-0.35033048], [ 0.88599694]]]]","[-0.0125663706144, 0.134739418254, 0.0467748239534]","[10.395049, -0.212477416667, -3.75921583333]","[-0.0692882920853, 0.0906280359647, 0.054679028095]"
77,"[[[[ 0.65430072 -0.63885852 -0.4046608 ], [-0.65044934 -0.74837922  0.12978518], [-0.3857541   0.17829282 -0.90521017]]]]","[[[[ 0.21267354], [-0.03732327], [ 0.97641023]]]]","[-0.0565486677646, 0.00837758040957, 0.144513262065]","[7.3549875, -0.751843166667, -2.40262925]","[-0.0714166800651, 0.0908139102174, 0.0387328032583]"
78,"[[[[-0.27700775 -0.60633947  0.74539865], [ 0.95641791 -0.24856325  0.1532354 ], [ 0.09236604  0.75536002  0.64876788]]]]","[[[[-0.90050431], [ 0.34587422], [-0.26355836]]]]","[-0.0753982236862, -0.0663225115758, -0.0251327412287]","[9.22642320833, 0.563882375, -4.15148183333]","[-0.058758008348, 0.10799661043, 0.0681607473785]"
79,"[[[[ 0.25896199  0.63744009  0.72567818], [-0.92702875  0.37498755  0.00142365], [-0.2712128  -0.67309321  0.68803281]]]]","[[[[-0.57895554], [-0.25859942], [-0.77326374]]]]","[-0.0013962634016, -0.247138622082, 0.00628318530718]","[9.7085835, 0.433127041667, -3.32608879167]","[-0.0284880113453, 0.0637260075956, 0.0669630105553]"
80,"[[[[ 0.46433577  0.74992297 -0.47117707], [-0.84832527  0.52943384  0.0066362 ], [ 0.25443372  0.39662999  0.88201368]]]]","[[[[ 0.49477447], [ 0.26937151], [-0.82621862]]]]","[-0.0195476876223, 0.351160245501, 0.0328121899375]","[9.193734375, -0.0980665, -3.90631558333]","[-0.0328967114498, 0.0506893723359, 0.0900501456076]"
81,"[[[[-0.71678133  0.08337104  0.69229603], [ 0.40742179  0.85579961  0.31877032], [-0.56589046  0.5105451  -0.64738836]]]]","[[[[-0.57659358], [-0.25516457], [ 0.77616421]]]]","[-0.0370009801423, 0.203854456633, -0.102625360017]","[6.75024408333, 0.44129925, -2.69682875]","[-0.0482942224063, 0.0116124048596, 0.0773053968483]"
82,"[[[[ 0.43597684 -0.65900176 -0.61289549], [-0.43391698  0.44271287 -0.78467915], [ 0.78844166  0.60804769 -0.09293949]]]]","[[[[-0.07096449], [-0.1579449], [ 0.98489464]]]]","[0.0216420827247, 0.0935496479069, 0.214326432145]","[7.060788, 0.384093791667, -2.280046125]","[-0.033045048634, -0.0301739350633, 0.0956477726848]"
83,"[[[[ 0.60813569  0.59478139 -0.52574336], [ 0.28117164 -0.78073758 -0.5580245 ], [-0.74237019  0.19153049 -0.64203004]]]]","[[[[ 0.84325689], [ 0.38182716], [ 0.37831976]]]]","[-0.013962634016, 0.0502654824574, 0.0733038285838]","[10.4522544583, 0.277855083333, -3.66932154167]","[-0.00948349635035, -0.0419577306488, 0.0951317550928]"
84,"[[[[ 0.7826132   0.18548497  0.5942322 ], [ 0.37272867 -0.90417655 -0.20865785], [ 0.49858793  0.38478577 -0.77675607]]]]","[[[[ 0.10557886], [ 0.01293312], [ 0.99432683]]]]","[0.0216420827247, -0.0642281164734, 0.157079632679]","[10.0926772917, 1.04604266667, -2.59059004167]","[0.0293439744723, -0.0522340411457, 0.117322040776]"
85,"[[[[-0.38010522  0.76928668  0.51353484], [-0.80959645 -0.54520761  0.21749082], [ 0.44729589 -0.33308659  0.83004802]]]]","[[[[ 0.15684794], [ 0.06749785], [ 0.98531353]]]]","[0.111701072128, 0.0663225115758, 0.176627320302]","[11.6780857083, 2.083913125, -2.46800691667]","[0.0488836450743, -0.0493493130717, 0.0505029486164]"
86,"[[[[ 0.61793203 -0.30241003 -0.72574663], [-0.77893297 -0.10998799 -0.61738649], [ 0.10688046  0.94681087 -0.30352224]]]]","[[[[ 0.80758981], [ 0.03664564], [ 0.58860496]]]]","[0.000698131700798, -0.0363028484415, 0.0774926187885]","[8.67888525, -0.106238708333, -4.829775125]","[0.0500783416447, -0.0299058734958, 0.00761297449523]"
87,"[[[[ 0.86044989  0.45459681  0.2301472 ], [-0.40368628  0.88380782 -0.23647649], [-0.31090735  0.1105689   0.94398683]]]]","[[[[-0.44468975], [-0.22374036], [ 0.86728962]]]]","[-0.0523598775598, -0.0837758040957, -0.051661745859]","[12.1275571667, 0.138927541667, -3.21985008333]","[0.0871098436352, -0.0160808284605, -0.0359228885865]"
88,"[[[[-0.10579968  0.1885248  -0.97635282], [ 0.84735188 -0.49673912 -0.18773665], [-0.52038565 -0.84717687 -0.107192  ]]]]","[[[[ 0.96525021], [ 0.00017063], [ 0.2613274]]]]","[0.0160570291183, -0.109606677025, 0.27157323161]","[9.59417258333, 0.53936575, -4.707192]","[0.0831892806552, -0.00293136732758, -0.0119446235078]"
89,"[[[[ 0.56678646 -0.57902573  0.58607364], [ 0.36496219  0.81422675  0.45148356], [-0.73861744 -0.04200005  0.67281519]]]]","[[[[ 0.28342347], [-0.16576929], [ 0.94455899]]]]","[0.00628318530718, -0.0921533845053, 0.0872664625997]","[8.850501625, -0.661948875, -2.181979625]","[0.089209961445, 0.000181960897717, 0.0183480755737]"
90,"[[[[ 0.32948097 -0.94227018  0.05974275], [-0.81391909 -0.31553056 -0.48782802], [ 0.47851646  0.11210428 -0.87089301]]]]","[[[[-0.1846144], [-0.3116547], [ 0.93208845]]]]","[0.0376991118431, -0.0942477796077, 0.228987197862]","[10.2561214583, -0.710982125, -2.66413991667]","[0.0791244644927, -0.00258471811905, 0.0456566490255]"
91,"[[[[-0.36241783 -0.91476119  0.17850851], [-0.66889102  0.38866108  0.63366187], [-0.64902859  0.11024762 -0.75273325]]]]","[[[[-0.1231275], [-0.34077303], [ 0.93204794]]]]","[-0.11379546723, -0.0418879020479, -0.255516202492]","[7.43670958333, -0.694637708333, -2.157463]","[0.0391826563324, 0.00155967427578, 0.0392213395901]"
92,"[[[[ 0.88069272 -0.39724342  0.25802714], [ 0.44869812  0.87419117 -0.1856335 ], [-0.15182336  0.27926236  0.94813617]]]]","[[[[-0.525097], [ 0.14824304], [-0.83803171]]]]","[0.0265290046303, 0.0579449311662, 0.048171087355]","[10.2806380833, 0.514849125, -3.20350566667]","[0.0153494360196, -0.00132838932008, 0.0456684578101]"
93,"[[[[ 0.50071377  0.72317326 -0.47571646], [ 0.58903827 -0.68736536 -0.4249268 ], [-0.63428671 -0.0674485  -0.77015003]]]]","[[[[ 0.30894275], [-0.11179663], [ 0.9444871]]]]","[-0.0502654824574, 0.314159265359, -0.180816110507]","[10.566665375, -0.122583125, -2.6477955]","[-0.0184583996914, -0.0383364772601, 0.07282402936]"
94,"[[[[ 0.3974373  -0.83963554  0.37021042], [ 0.88046515  0.23527552 -0.41161456], [ 0.25850476  0.48954836  0.8327771 ]]]]","[[[[-0.51130975], [ 0.1395093], [-0.84799734]]]]","[0.126361837844, 0.0802851455917, 0.164060949687]","[10.4113934167, 0.400438208333, -4.55192004167]","[-0.0183056451023, -0.0580036206396, 0.0490875370711]"
95,"[[[[ 0.41745125 -0.60951328 -0.6739644 ], [ 0.88221773  0.44959551  0.13984189], [ 0.21777588 -0.65296052  0.72540763]]]]","[[[[ 0.53993247], [ 0.2746164], [-0.7956499]]]]","[0.11379546723, 0.153588974176, 0.164060949687]","[8.88319045833, -0.204305208333, -3.554910625]","[-0.0233939229569, -0.204540353193, 0.0481680793891]"
96,"[[[[ 0.69390652 -0.06548694  0.71708102], [ 0.51487979  0.74130522 -0.4305408 ], [-0.50338111  0.66796559  0.54811443]]]]","[[[[-0.99301132], [ 0.08578628], [-0.08105084]]]]","[0.193382481121, 0.0600393262686, 0.330216294477]","[8.88319045833, 0.531193541667, -4.16782625]","[0.0343799939736, -0.18020484737, 0.0149588857787]"
97,"[[[[ 0.49966325 -0.55145579  0.66800685], [-0.55072897 -0.79748549 -0.24640311], [ 0.66860619 -0.24477214 -0.70217687]]]]","[[[[-0.47802868], [-0.34682096], [ 0.806972]]]]","[0.106814150222, -0.013962634016, 0.0293215314335]","[9.291800875, 0.653776666667, -1.67530270833]","[0.057010934085, -0.17120306433, 0.0670819888167]"
98,"[[[[ 0.9942317  -0.10718146  0.00393296], [ 0.10714894  0.99421306  0.00771398], [-0.004737   -0.00724808  0.99996251]]]]","[[[[-0.42555205], [-0.40616438], [ 0.80866307]]]]","[0.0600393262686, -0.127059969545, 0.0921533845053]","[9.52062270833, -0.302371708333, -2.427145875]","[0.0755679855928, -0.19479698559, 0.041551458792]"
99,"[[[[-0.548457    0.02154398 -0.83590118], [-0.62482717  0.6537732   0.42681566], [ 0.55568509  0.75638381 -0.34510522]]]]","[[[[ 0.45153888], [-0.42116815], [ 0.78659394]]]]","[0.013962634016, 0.15777776438, 0.0858701991981]","[9.96192195833, -0.130755333333, -3.702010375]","[0.0697956058795, -0.155881320689, 0.00149411925467]"
100,"[[[[ 0.29471456  0.24656743  0.92322686], [ 0.39274715 -0.91201882  0.11820045], [ 0.87114465  0.32775933 -0.36562388]]]]","[[[[-0.49382172], [-0.33314421], [ 0.80321544]]]]","[-0.155683369278, 0.00418879020479, -0.145211393766]","[7.58380933333, -0.506676916667, -1.92046895833]","[0.0911700449729, -0.160135220697, -0.0342669875387]"
101,"[[[[ 0.51436565 -0.8518224   0.09912915], [-0.78785507 -0.51503551 -0.33767264], [ 0.33869215  0.0955878  -0.93602917]]]]","[[[[-0.41091509], [-0.27500417], [ 0.86920739]]]]","[0.113097335529, 0.144513262065, 0.418879020479]","[9.17738995833, 0.760015375, -3.08909475]","[0.103748312037, -0.213930993973, -0.0390781395489]"
102,"[[[[ 0.69704211  0.34356625  0.62936041], [-0.22052137  0.93790831 -0.26776542], [-0.68227752  0.04785635  0.72952529]]]]","[[[[-0.11915064], [ 0.42750696], [-0.8961255]]]]","[-0.0467748239534, 0.0467748239534, 0.000698131700798]","[9.046634625, 0.359577166667, -4.03707091667]","[0.0966240382192, -0.182106885247, -0.0404590757919]"
103,"[[[[-0.52733738  0.73778058  0.42142034], [ 0.8043585   0.27370513  0.52734515], [ 0.2737201   0.61706184 -0.73777503]]]]","[[[[-0.3979042], [-0.07727722], [ 0.91416655]]]]","[-0.0146607657168, 0.0125663706144, 0.0439822971503]","[9.610517, -1.32389775, -3.22802229167]","[0.0400111485211, -0.0595983495032, -0.0169407026457]"
