frameNum,rotation,translation,imu angular velocity,imu linear velocity,groundtruth
1,"[[[[-0.12583659 -0.65228191 -0.747458  ], [-0.84688315 -0.32177592  0.42337831], [-0.51667599  0.68628607 -0.51191537]]]]","[[[[-0.13647949], [-0.18277724], [ 0.97363537]]]]","[0.00349065850399, -0.170344134995, 0.0886627260013]","[9.25093983333, -0.253338458333, -3.27705554167]","[-0.0102376031707, -0.0813081924229, 0.00173678701422]"
2,"[[[[ 0.13561301 -0.35329341 -0.92563107], [-0.52601807 -0.81738671  0.23491265], [-0.83959163  0.45504145 -0.29668699]]]]","[[[[-0.1207277], [ 0.04423678], [ 0.99169952]]]]","[-0.0132645023152, 0.000698131700798, 0.00907571211037]","[9.37352295833, -0.0572054583333, -4.290409375]","[-0.000289950833146, -0.128535563076, 0.00924722751427]"
3,"[[[[ 0.48211473  0.10440462  0.86986497], [ 0.07665549 -0.99409315  0.07682937], [ 0.87274814  0.02963935 -0.48727014]]]]","[[[[-0.40016397], [-0.20931388], [ 0.89221998]]]]","[0.0349065850399, 0.121474915939, 0.0998328332141]","[8.13134729167, 0.392266, -3.66932154167]","[0.0347741776141, -0.193041274161, 0.0570649915801]"
4,"[[[[-0.11998608  0.96525156  0.23214816], [ 0.56766804 -0.12513302  0.81369204], [ 0.81446691  0.22941481 -0.53292824]]]]","[[[[-0.0527916], [-0.24694142], [ 0.96759133]]]]","[0.00977384381117, -0.0705113017806, 0.0872664625997]","[8.34382470833, -0.400438208333, -3.30157216667]","[0.0621262090091, -0.188423400927, 0.0414163099676]"
5,"[[[[ 0.99021641  0.02226498  0.13775246], [-0.01398718  0.99805374 -0.06077073], [-0.13883741  0.0582494   0.98860062]]]]","[[[[ 0.1932839], [ 0.25234081], [-0.94813789]]]]","[0.0363028484415, 0.106116018521, 0.208043246838]","[9.96192195833, -0.572054583333, -2.68865654167]","[0.0863863021814, -0.187824872888, 0.0205198640295]"
6,"[[[[ 0.63372679 -0.22945715  0.73874202], [-0.23843289 -0.96643797 -0.09564204], [ 0.73589409 -0.11552947 -0.66716776]]]]","[[[[-0.40770852], [-0.20475456], [ 0.88985916]]]]","[0.125663706144, 0.0998328332141, 0.334405084682]","[8.997601375, -1.103248125, -4.61729770833]","[0.0875131641469, -0.142851635569, 0.0321785478827]"
7,"[[[[ 0.78159422  0.49492545  0.37968312], [ 0.2578322  -0.81056797  0.52583469], [ 0.56800795 -0.31309482 -0.76114296]]]]","[[[[-0.15463648], [-0.4016841], [ 0.90262808]]]]","[-0.104021623419, -0.0376991118431, -0.257610597594]","[9.15287333333, -0.171616375, -2.819411875]","[0.100402293593, -0.209486739691, 0.0257050428809]"
8,"[[[[-0.42524155  0.84091921 -0.33470062], [-0.87747301 -0.47368356 -0.07526615], [-0.22183493  0.26168446  0.93931385]]]]","[[[[ 0.36096853], [-0.23681272], [-0.90200968]]]]","[0.0013962634016, 0.00558505360638, -0.0265290046303]","[8.67888525, 0.236994041667, -2.86027291667]","[0.0873263256963, -0.207623089581, 0.0239087782583]"
9,"[[[[ 0.83935593  0.43563529 -0.32512078], [-0.29799163  0.8689851   0.39505174], [ 0.45462359 -0.23470575  0.85920347]]]]","[[[[ 0.38498893], [-0.53657408], [-0.75091396]]]]","[-0.0453785605519, -0.0977384381117, 0.0251327412287]","[10.5584931667, 0.73549875, -4.486542375]","[0.101655466853, -0.229994926202, 0.0494165293267]"
10,"[[[[-0.19966646 -0.53133226  0.82329784], [-0.73633644 -0.47298823 -0.48382928], [ 0.6464843  -0.70282868 -0.29679942]]]]","[[[[-0.76616776], [ 0.17179038], [ 0.6192536]]]]","[-0.0460766922527, 0.0900589894029, 0.0628318530718]","[9.49610608333, 0.44129925, -3.162644625]","[0.07743209397, -0.15715288104, 0.00731697634036]"
11,"[[[[ 0.96435144 -0.15753039 -0.21262757], [ 0.17994511  0.97951136  0.09042814], [ 0.19402594 -0.1254658   0.97294001]]]]","[[[[ 0.44966592], [-0.32606981], [ 0.83155218]]]]","[-0.0865683308989, -0.0474729556542, 0.0418879020479]","[8.15586391667, -0.171616375, -3.4323275]","[0.118189540721, -0.169920099122, -0.0219904437832]"
12,"[[[[ 0.21578513 -0.92398947 -0.31572178], [ 0.85342171  0.02135638  0.52078335], [-0.47445565 -0.38182112  0.79316106]]]]","[[[[-0.27793268], [-0.24142463], [ 0.92976748]]]]","[0.00488692190558, -0.076096355387, 0.20106192983]","[11.3430251667, -0.179788583333, -4.08610416667]","[0.12891809626, -0.191997952881, -0.0248252849583]"
13,"[[[[-0.57630572  0.66092665  0.48067419], [-0.44191972  0.24272779 -0.86359145], [-0.68744358 -0.7101121   0.1521911 ]]]]","[[[[ 0.30865239], [ 0.36241249], [ 0.87942646]]]]","[-0.0125663706144, 0.149400183971, 0.0747000919854]","[9.74127233333, 0.44129925, -3.751043625]","[0.149623833911, -0.198569820963, -0.0658240757318]"
14,"[[[[ 0.65995258 -0.70573973  0.25767038], [ 0.54549122  0.68593425  0.48159478], [-0.51662551 -0.17727279  0.83765891]]]]","[[[[-0.0715476], [-0.03633992], [-0.99677498]]]]","[0.0321140582367, 0.104021623419, -0.00279252680319]","[9.75761675, -0.531193541667, -3.67749375]","[0.195130911201, -0.240852134674, -0.0515573511531]"
15,"[[[[-0.83180832  0.05267029 -0.55255838], [-0.53971886 -0.30919833  0.78300699], [-0.12960893  0.9495379   0.2856209 ]]]]","[[[[-0.17617783], [-0.97716944], [-0.11874867]]]]","[0.119380520836, 0.101927228316, 0.353254640604]","[9.83933883333, -0.163444166667, -4.01255429167]","[0.160838804523, -0.18338145359, 0.0261463235931]"
16,"[[[[ 0.99114059  0.02620594 -0.1302059 ], [-0.07232253  0.92874243 -0.36360274], [ 0.11139919  0.36979826  0.9224096 ]]]]","[[[[-0.31725806], [-0.13433202], [ 0.93877699]]]]","[0.00488692190558, 0.137531945057, -0.0230383461263]","[9.65955025, -0.261510666667, -2.868445125]","[0.124830667934, -0.185172798269, 0.0552335937387]"
17,"[[[[ 0.86126494  0.19809959 -0.46795219], [-0.4572261   0.70393575 -0.54352438], [ 0.22173632  0.68207845  0.69685149]]]]","[[[[-0.20122947], [-0.08438012], [ 0.97590301]]]]","[-0.119380520836, 0.159872159483, -0.202458193231]","[8.63802420833, 0.612915625, -2.55790120833]","[0.131417839747, -0.21529860326, 0.0515692934497]"
18,"[[[[ 0.70670752 -0.20308934 -0.67773092], [ 0.47459997  0.84650082  0.24122859], [ 0.52470883 -0.49212913  0.69461469]]]]","[[[[-0.1651628], [ 0.03049117], [ 0.98579488]]]]","[-0.0956440430093, 0.160570291183, 0.0858701991981]","[11.964113, 0.163444166667, -4.30675379167]","[0.129085926891, -0.242935014086, 0.0480471718386]"
19,"[[[[-0.67359554 -0.06108528 -0.73657154], [-0.12007922 -0.9742935   0.1906126 ], [-0.72928048  0.21684273  0.64894469]]]]","[[[[-0.19474475], [ 0.20039876], [ 0.96016395]]]]","[-0.00977384381117, -0.134041286553, 0.134739418254]","[8.78512395833, -1.04604266667, -4.22503170833]","[0.0795688417887, -0.120731330579, 0.0240116300646]"
20,"[[[[-0.76530916 -0.61934451  0.17525486], [-0.60218109  0.59277258 -0.53478838], [ 0.22733197 -0.51481361 -0.82661184]]]]","[[[[-0.52686607], [ 0.05876996], [ 0.84791405]]]]","[-0.0565486677646, -0.101927228316, 0.106814150222]","[7.85349220833, -0.498504708333, -2.770378625]","[0.129291692934, -0.170546596063, -0.00689115187636]"
21,"[[[[-0.1530935   0.11275664  0.98175777], [-0.50385418  0.84572996 -0.1757037 ], [-0.85011372 -0.52156185 -0.07266286]]]]","[[[[-0.98256559], [-0.18128613], [ 0.04123344]]]]","[0.0830776723949, -0.0265290046303, 0.135437549955]","[10.1417105417, -0.00817220833333, -4.61729770833]","[0.0988019283388, -0.0959069779606, 0.00725410946005]"
22,"[[[[-0.41089898 -0.62770971 -0.66116757], [ 0.75742465 -0.63867844  0.13563829], [-0.50741495 -0.44505097  0.73787513]]]]","[[[[-0.45887426], [-0.13870492], [ 0.87760775]]]]","[0.0, -0.0293215314335, 0.0649262481742]","[7.12616566667, -0.678293291667, -3.29339995833]","[0.170053782016, -0.113549404243, 0.0356906545106]"
23,"[[[[ 0.40266995 -0.8135315  -0.41955143], [-0.10584658  0.41389462 -0.90415029], [ 0.90920482  0.40848224  0.0805534 ]]]]","[[[[ 0.32092254], [-0.05339835], [ 0.94559893]]]]","[0.202458193231, 0.109606677025, 0.437030444699]","[8.41737458333, 0.604743416667, -3.29339995833]","[0.162419257873, -0.0759805084529, 0.00344186157038]"
24,"[[[[ 0.62718479  0.6563635  -0.41931633], [-0.75041281  0.65342156 -0.09960365], [ 0.20861413  0.37713024  0.90235964]]]]","[[[[-0.26830215], [-0.26549021], [ 0.92602857]]]]","[0.279252680319, 0.0153588974176, 0.127059969545]","[6.693038625, 0.433127041667, -1.96133]","[0.177847175515, -0.0649923381464, 0.0332519248948]"
25,"[[[[ 0.75877832  0.59128393 -0.273201  ], [-0.61966257  0.78452872 -0.02308666], [ 0.20068326  0.18681008  0.9616799 ]]]]","[[[[-0.20636149], [ 0.15552137], [ 0.96603729]]]]","[0.321838714068, 0.0230383461263, -0.069115038379]","[10.5993542083, -1.53637516667, -4.01255429167]","[0.171219507713, -0.0387002609773, 0.0624113519391]"
