frameNum,rotation,translation,imu angular velocity,imu linear velocity,groundtruth
1,"[[[[ 0.71252113  0.66097957  0.23541377], [-0.60280317  0.74836616 -0.27672446], [-0.35908491  0.05526386  0.93166729]]]]","[[[[ 0.22527358], [ 0.32175777], [-0.9196324]]]]","[0.0167551608191, -0.0558505360638, 0.124965574443]","[9.85568325, -0.220649625, -3.58759945833]","[0.0, 0.0, 0.0]"
2,"[[[[-0.47530572 -0.84344174 -0.25038073], [ 0.38515798  0.05639324 -0.92112601], [ 0.79103591 -0.5342526   0.29805429]]]]","[[[[-0.17654927], [-0.36668277], [ 0.9134408]]]]","[0.00698131700798, -0.334405084682, 0.100530964915]","[10.8935537083, -0.326888333333, -4.55192004167]","[0.00969127857771, 0.0113213576012, 0.265891855454]"
3,"[[[[ 0.15720037  0.60840622  0.77790097], [ 0.58210353 -0.69339783  0.42468215], [ 0.7977741   0.38605871 -0.4631578 ]]]]","[[[[-0.3196667], [-0.40225238], [ 0.85790805]]]]","[-0.013962634016, 0.106116018521, 0.0635299847726]","[11.6290524583, -0.563882375, -5.1975245]","[-0.00214821322082, 0.00690023799305, 0.0626561620754]"
4,"[[[[ 0.16932622  0.69010545  0.70362141], [ 0.95008817 -0.30411166  0.06963159], [ 0.26203262  0.65671193 -0.70715511]]]]","[[[[-0.29646569], [-0.37065757], [ 0.8801824]]]]","[-0.072605696883, 0.323234977469, -0.00698131700798]","[8.12317508333, 0.122583125, -3.751043625]","[-0.000484298618572, 0.000522172802692, -0.00444781467408]"
5,"[[[[ 0.72426649  0.52400089  0.44817532], [-0.66553626  0.70120015  0.25569482], [-0.18027629 -0.48346812  0.85659736]]]]","[[[[-0.47677698], [ 0.38733584], [-0.7890847]]]]","[0.0013962634016, 0.336499479785, 0.146607657168]","[7.97607533333, 0.416782625, -3.17898904167]","[0.0234032618593, -0.00613696939052, -0.132481748085]"
6,"[[[[-0.60133014 -0.54583222 -0.58349742], [ 0.79890638 -0.3995281  -0.44958413], [ 0.01227389 -0.7365083   0.67631714]]]]","[[[[ 0.43134842], [ 0.24632958], [-0.86790569]]]]","[-0.0928515162061, 0.0293215314335, -0.0209439510239]","[5.810440125, -0.0653776666667, -1.68347491667]","[-0.00944283363483, 0.00449285766767, -0.28323776072]"
7,"[[[[ 0.24641179 -0.96150966 -0.12157472], [ 0.40848442  0.21679357 -0.88664594], [ 0.87887525  0.16881863  0.44618221]]]]","[[[[ 0.43360848], [-0.34233936], [ 0.83353911]]]]","[0.0747000919854, -0.108908545324, -0.0153588974176]","[8.22941379167, -0.277855083333, -3.05640591667]","[-0.00637303627608, 0.000874335559709, -0.0208712924822]"
8,"[[[[ 0.47511669  0.75719922 -0.44823372], [ 0.7352956  -0.06184612  0.67491883], [ 0.4833265  -0.65024949 -0.58614939]]]]","[[[[ 0.84281747], [-0.332728], [ 0.42302576]]]]","[-0.118682389136, -0.277158285217, 0.124267442742]","[10.0926772917, -0.588399, -3.26888333333]","[-0.0158158699109, 0.00536719322737, -0.304109053202]"
9,"[[[[ 0.99622352  0.04927577  0.07148842], [ -4.94502738e-02   9.98776361e-01   6.72208813e-04], [-0.07136782 -0.00420479  0.9974412 ]]]]","[[[[ 0.34115433], [ 0.37944397], [-0.86002093]]]]","[0.0851720674973, -0.234572251468, 0.141022603561]","[11.7598077917, -0.0163444166667, -4.927841625]","[-0.01220455018, -0.00522886143094, 0.312313724619]"
10,"[[[[-0.06519534  0.49690329 -0.8653535 ], [-0.56983716  0.6933561   0.44107021], [ 0.81916737  0.5218663   0.23795038]]]]","[[[[ 0.88272097], [-0.2876649], [ 0.3715543]]]]","[0.000698131700798, 0.335801348084, 0.102625360017]","[10.1580549583, 0.0572054583333, -4.13513741667]","[0.00344719514742, 0.00522999904265, 0.0895502304047]"
11,"[[[[-0.61281299  0.45242057  0.64790113], [ 0.2896871  -0.63419785  0.71685038], [ 0.73521536  0.62698382  0.25758428]]]]","[[[[-0.74415018], [-0.19261951], [ 0.63963914]]]]","[-0.051661745859, 0.120776784238, 0.120776784238]","[9.635033625, 0.277855083333, -3.03188929167]","[-0.00875735503261, 1.13761170306e-06, 0.401863955024]"
12,"[[[[-0.17615642 -0.90152259 -0.39525426], [-0.90887289 -0.00525013  0.41704017], [-0.37804627  0.43270018 -0.8184446 ]]]]","[[[[ 0.01430562], [-0.34758317], [ 0.93754002]]]]","[-0.0439822971503, 0.366519142919, 0.104021623419]","[6.91368825, -0.351404958333, -2.72951758333]","[0.00344719514742, 0.00522999904265, 0.0895502304047]"
13,"[[[[ 0.22022526  0.94038361 -0.25919008], [ 0.94660113 -0.27017272 -0.17593466], [-0.23547216 -0.20660436 -0.94966705]]]]","[[[[ 0.46592885], [-0.33568112], [ 0.81867484]]]]","[0.0418879020479, -0.0349065850399, 0.00698131700798]","[6.36615029167, -0.4903325, -1.70799154167]","[0.00549445387232, -0.00870583508512, -0.418485481665]"
14,"[[[[-0.19250507  0.97363236  0.12240029], [-0.3523791   0.04782582 -0.93463451], [-0.91584429 -0.22305319  0.33388098]]]]","[[[[-0.02842341], [-0.32427665], [ 0.94553517]]]]","[0.129154364648, -0.116587994033, 0.065624379875]","[9.43072841667, -0.261510666667, -2.51704016667]","[-0.00326624459765, -0.000722817400306, -0.0148503972688]"
15,"[[[[ 0.61615675  0.24855484 -0.74737631], [-0.14756104  0.96852754  0.20044985], [ 0.77367732 -0.01322491  0.63344179]]]]","[[[[ 0.45279271], [ 0.27444274], [-0.84832773]]]]","[0.197571271326, -0.344877060194, 0.240157305074]","[9.62686141667, -0.163444166667, -3.59577166667]","[0.00222820927467, -0.00942865248542, -0.433335878934]"
16,"[[[[ 0.13299082 -0.91747271 -0.37490967], [ 0.9440999   0.00214362  0.32965251], [-0.30164352 -0.39779294  0.86647098]]]]","[[[[-0.05549914], [ 0.28139152], [-0.95798677]]]]","[0.0558505360638, -0.0872664625997, -0.0781907504893]","[10.7055929167, -0.375921583333, -5.14031904167]","[0.000763582001285, -0.00990913877771, 0.351830908739]"
17,"[[[[ 0.53177884 -0.75384291 -0.38591726], [ 0.84673365  0.48183808  0.22555305], [ 0.01591807 -0.44671347  0.89453546]]]]","[[[[-0.26211339], [-0.3984289], [ 0.87894879]]]]","[0.0747000919854, 0.0202458193231, 0.0635299847726]","[11.8987353333, 0.179788583333, -5.10763020833]","[-0.00277815944724, 0.00405963456712, 0.0931877755437]"
18,"[[[[ 0.45025896 -0.89223737 -0.03434164], [ 0.51716586  0.29194947 -0.80455266], [ 0.72787797  0.34449672  0.59288757]]]]","[[[[ 0.56718282], [-0.36847019], [ 0.73656865]]]]","[-0.117286125734, 0.1752310569, -0.0453785605519]","[9.17738995833, 0.0898942916667, -4.25772054167]","[-0.0011242249283, 0.00156407651678, 0.00296611686811]"
19,"[[[[ 0.98290854 -0.18360829  0.01337144], [ 0.18074259  0.97626042  0.1193638 ], [-0.03497019 -0.11490691  0.99276054]]]]","[[[[-0.3826638], [-0.41256762], [ 0.82665372]]]]","[-0.133343154852, 0.465653844432, 0.12287117934]","[7.51025945833, 0.0898942916667, -3.19533345833]","[-0.00390238437554, 0.0056237110839, 0.0961538924118]"
20,"[[[[-0.84688412  0.00759072 -0.5317233 ], [ 0.43478388 -0.56583726 -0.70056489], [-0.30618665 -0.824482    0.47589827]]]]","[[[[ 0.86830563], [ 0.09337011], [-0.48716256]]]]","[0.0397935069455, 0.188495559215, 0.175929188601]","[6.22722275, -0.114410916667, -1.87143570833]","[0.0224341878086, -0.0034545876194, -0.416049531177]"
21,"[[[[ 0.77643488  0.49247473  0.39321433], [ 0.3179245  -0.84483258  0.4303277 ], [ 0.54412579 -0.20910897 -0.81252727]]]]","[[[[ 0.17352417], [-0.45241231], [ 0.87476423]]]]","[-0.121474915939, -0.111701072128, 0.0733038285838]","[7.79628675, 0.2941995, -2.329079375]","[-0.00482860886215, 0.00343012676961, -0.0512875445068]"
22,"[[[[-0.29897501 -0.86881643  0.39467956], [-0.95362097  0.2871671  -0.09023357], [-0.03494258 -0.40335229 -0.91437736]]]]","[[[[-0.7069283], [-0.21954454], [ 0.67234855]]]]","[-0.00279252680319, -0.132645023152, -0.0383972435439]","[9.586000375, 0.0163444166667, -3.44867191667]","[0.0176055789465, -2.4460849793e-05, -0.467337075684]"
23,"[[[[ 0.12893834  0.74281263  0.65696598], [ 0.7208385  -0.52516733  0.4523175 ], [ 0.68100423  0.41524531 -0.60316215]]]]","[[[[-0.26091978], [-0.35084052], [ 0.89935076]]]]","[0.224100275956, -0.272969495012, 0.186401164113]","[10.5339765417, 0.514849125, -3.83276570833]","[-0.00482860886215, 0.00343012676961, -0.0512875445068]"
24,"[[[[-0.68267749  0.65145268 -0.33099978], [ 0.13124872 -0.33629285 -0.93256683], [-0.71883602 -0.68008568  0.14407723]]]]","[[[[-0.39912277], [ 0.45939774], [-0.79350787]]]]","[0.0712094334814, -0.352556508903, 0.191986217719]","[9.16921775, -0.0898942916667, -4.314926]","[-0.0134126007819, -0.0128018497444, 0.289091062518]"
25,"[[[[ 0.24322563 -0.8729405  -0.42286662], [ 0.96050061  0.27752588 -0.02044432], [ 0.1352031  -0.40119106  0.90596129]]]]","[[[[-0.45361668], [-0.37306208], [ 0.80935566]]]]","[-0.0509636141582, -0.326725635973, 0.176627320302]","[7.60832595833, -0.171616375, -5.67151258333]","[-0.0129439257304, 0.00201132363016, 0.00239756812856]"
26,"[[[[ 0.53533031  0.66892791  0.51571009], [ 0.72140021 -0.67967392  0.13275958], [ 0.43932129  0.30096314 -0.84641479]]]]","[[[[-0.25160094], [-0.21016634], [ 0.94473651]]]]","[-0.0181514242207, -0.39374627925, 0.224798407657]","[7.12616566667, -0.0817220833333, -6.14550066667]","[0.00337964718475, 0.00697084215791, -0.0126800596713]"
27,"[[[[-0.00551073 -0.02406391  0.99969523], [ 0.09730908  0.99495295  0.02448617], [-0.99523895  0.09741436 -0.00314128]]]]","[[[[ 0.21540971], [-0.14407965], [ 0.96583627]]]]","[0.0635299847726, 0.151494579073, 0.0984365698125]","[7.1588545, -0.531193541667, -5.99022870833]","[-0.0139830314711, 0.00342219169655, -0.0120833555444]"
28,"[[[[ 0.27229068 -0.74097636 -0.61385   ], [ 0.90905183 -0.01101938  0.41653733], [-0.31540856 -0.6714407   0.67058544]]]]","[[[[-0.37389462], [-0.14723666], [ 0.91570966]]]]","[0.0663225115758, 0.132645023152, -0.0153588974176]","[7.42036516667, -0.751843166667, -6.153672875]","[-0.0121924653062, -0.0127631292111, -0.00890109106557]"
29,"[[[[ 0.01504641  0.00939324  0.99984267], [ 0.39749006  0.9174903  -0.0146013 ], [-0.91748311  0.39764723  0.01007122]]]]","[[[[-0.4455671], [-0.07641911], [ 0.89198099]]]]","[0.0181514242207, -0.0335103216383, 0.0809832772925]","[7.256921, 0.473988083333, -6.276256]","[0.0011592662588, -0.0167734293034, -0.000835812914211]"
30,"[[[[ 0.22974065 -0.97167116 -0.05544725], [ 0.83967186  0.22669301 -0.49351945], [ 0.49210812  0.06682398  0.86796553]]]]","[[[[ 0.20988157], [-0.19663341], [ 0.95774998]]]]","[-0.0153588974176, -0.0237364778271, 0.189193690916]","[7.46939841667, 0.24516625, -6.53776666667]","[0.0100382633584, -0.0223342385953, 0.000785235082137]"
31,"[[[[ 0.22786364 -0.89583057 -0.38153081], [ 0.71140079  0.42071003 -0.56294937], [ 0.66482109 -0.14314562  0.73315909]]]]","[[[[ 0.03259255], [ 0.33096583], [-0.94307971]]]]","[-0.0788888821901, 0.176627320302, 0.197571271326]","[7.50208725, -0.392266, -6.398839125]","[-0.000416197564814, -0.045755484251, 0.00146420101737]"
32,"[[[[ 0.25679219 -0.94392797  0.20750363], [ 0.92848719  0.3005449   0.21813824], [-0.26827095  0.13664827  0.95360262]]]]","[[[[ 0.28633019], [-0.2351857], [ 0.92881791]]]]","[-0.215024563846, -0.152192710774, 0.132645023152]","[7.22423216667, -0.809048625, -6.35797808333]","[-0.0171365153365, -0.0852888041016, -0.00166281947752]"
33,"[[[[-0.00806716  0.9949217  -0.10032814], [ 0.22336617  0.09958922  0.96963371], [ 0.97470122 -0.01458772 -0.22303526]]]]","[[[[ 0.15077637], [-0.23008747], [ 0.96141887]]]]","[0.0244346095279, 0.0209439510239, 0.0600393262686]","[7.24057658333, -1.06238708333, -6.83196616667]","[-0.0263883774243, -0.101229946042, 0.0042370566023]"
34,"[[[[ 0.98587793  0.09838686 -0.13551651], [-0.09708688  0.99514431  0.01618486], [ 0.13645086 -0.00279942  0.99064289]]]]","[[[[ 0.54823454], [ 0.15511426], [-0.82181412]]]]","[0.0272271363311, 0.0537561409614, 0.0970403064109]","[7.44488179167, -1.33206995833, -6.61948875]","[-0.0127525786449, -0.0517349263479, 0.0114735754957]"
35,"[[[[ 0.99075629 -0.07737814 -0.11142079], [ 0.08072045  0.99640285  0.02579853], [ 0.10902375 -0.03455399  0.99343839]]]]","[[[[ 0.3389479], [-0.26494644], [ 0.90272792]]]]","[0.101927228316, -0.0237364778271, 0.0837758040957]","[7.05261579167, -0.907115125, -6.39066691667]","[-0.00470780023416, -0.00304368541381, 0.00393825313572]"
36,"[[[[ 0.11320033  0.6377561   0.76187456], [-0.77136046  0.53972772 -0.33718988], [-0.62624973 -0.54950991  0.5530372 ]]]]","[[[[ 0.4761738], [-0.27393679], [ 0.83559389]]]]","[0.112399203828, 0.0607374579694, 0.0132645023152]","[7.38767633333, -0.8825985, -6.644005375]","[0.00972055303828, 0.0545597365639, -0.00818269770205]"
37,"[[[[-0.35388497 -0.65106089 -0.67147982], [-0.71251359 -0.27741399  0.64448883], [-0.60587937  0.70651341 -0.36571709]]]]","[[[[ 0.37507299], [-0.40559217], [ 0.83355578]]]]","[0.0823795406941, 0.0684169066782, 0.048171087355]","[7.24874879167, -0.858081875, -6.24356716667]","[0.018514719591, 0.0875244345021, -0.00435177943443]"
38,"[[[[ 0.62167397 -0.74830439  0.23143469], [-0.73741571 -0.658762   -0.1491667 ], [ 0.26408248 -0.07793052 -0.9613466 ]]]]","[[[[-0.09663584], [-0.41284579], [ 0.90565991]]]]","[0.0237364778271, 0.0244346095279, 0.0111701072128]","[7.01175475, -0.498504708333, -6.28442820833]","[0.0175479712932, 0.0880874251416, -0.010903986658]"
39,"[[[[-0.61592977  0.17918831 -0.76715192], [-0.1374365   0.93441534  0.32860185], [ 0.77572014  0.30783034 -0.55090721]]]]","[[[[ 0.47604913], [-0.22521873], [ 0.85009043]]]]","[0.0740019602846, 0.0376991118431, 0.0335103216383]","[7.30595425, -0.400438208333, -5.94119545833]","[0.0392146916171, 0.139140822386, -0.00549625486683]"
40,"[[[[-0.26688524 -0.51068487 -0.81729629], [ 0.87620972  0.22453891 -0.42642561], [ 0.40128393 -0.82992966  0.38754093]]]]","[[[[-0.57002779], [-0.01465954], [ 0.82149463]]]]","[0.197571271326, -0.0335103216383, 0.055152404363]","[7.379504125, -0.073549875, -6.41518354167]","[0.0273819221123, 0.113674844954, 0.00319030864144]"
41,"[[[[-0.24409975 -0.38114575 -0.89170804], [ 0.96078007 -0.21983057 -0.1690449 ], [-0.13159394 -0.89799913  0.41985783]]]]","[[[[-0.641017], [ 0.24920657], [ 0.72594303]]]]","[0.0286233997327, 0.0914552528045, 0.0614355896702]","[7.61649816667, 0.596571208333, -6.45604458333]","[0.0188782439776, 0.068613180262, 0.00847562343258]"
42,"[[[[ 0.90465804 -0.21169803  0.3698348 ], [ 0.33090705  0.8958208  -0.2966574 ], [-0.26850392  0.39075444  0.88046386]]]]","[[[[-0.86123574], [ 0.36061691], [-0.35809]]]]","[-0.171740398396, 0.0488692190558, 0.0753982236862]","[7.820803375, 0.433127041667, -6.53776666667]","[0.00734822063023, 0.0421271073313, 0.000229881039231]"
43,"[[[[-0.29920886 -0.85345306  0.42672231], [-0.87766189  0.07067835 -0.47404026], [ 0.37441108 -0.51635496 -0.77019082]]]]","[[[[-0.58403029], [-0.01666741], [ 0.81156073]]]]","[-0.144513262065, 0.0013962634016, 0.12217304764]","[7.27326541667, 0.122583125, -5.92485104167]","[-0.0221056908865, -0.0390219102196, -0.00763412976767]"
44,"[[[[-0.269392    0.95210485 -0.14465234], [-0.92084304 -0.2106976   0.32810763], [ 0.28191497  0.22159167  0.93349937]]]]","[[[[-0.60923928], [-0.0215751], [ 0.79269289]]]]","[-0.0544542726622, -0.0181514242207, 0.0942477796077]","[7.21605995833, -0.433127041667, -6.13732845833]","[-0.0337452356695, -0.087510922327, -0.00442669468983]"
45,"[[[[-0.24834022 -0.36898552 -0.89564324], [-0.59159764  0.78991449 -0.16139185], [ 0.76703283  0.48978034 -0.4144585 ]]]]","[[[[ 0.51477551], [-0.21986324], [ 0.82865332]]]]","[-0.0314159265359, -0.0188495559215, 0.118682389136]","[7.06896020833, -0.915287333333, -6.22722275]","[-0.0226670108723, -0.0908061626786, 0.00364079376554]"
46,"[[[[ 0.40611426  0.89297372 -0.19408538], [ 0.81799309 -0.26055043  0.51283601], [ 0.40738006 -0.36703052 -0.83625958]]]]","[[[[ 0.49610628], [-0.25929044], [ 0.82864167]]]]","[-0.0342084533391, 0.0195476876223, 0.131946891451]","[7.46939841667, -0.890770708333, -6.23539495833]","[-0.0320712994783, -0.12891431734, 0.00785322221789]"
47,"[[[[-0.46100526 -0.55213902 -0.69470616], [-0.86645936  0.11101404  0.48674845], [-0.19163068  0.82632825 -0.52958408]]]]","[[[[ 0.60952944], [-0.21855483], [ 0.76204176]]]]","[-0.205948851735, 0.454483737219, 0.0823795406941]","[8.03328079167, -0.596571208333, -6.3743225]","[-0.00799766601237, -0.0645450747307, 0.0170902021894]"
48,"[[[[ 0.41233454  0.57567307  0.7061025 ], [-0.82346996  0.56705618  0.01856124], [-0.38971458 -0.58910764  0.70786633]]]]","[[[[ 0.56818622], [ 0.03245067], [ 0.82225992]]]]","[-0.14032447186, -0.0244346095279, 0.247138622082]","[8.556302125, 0.367749375, -4.98504708333]","[-0.000229509573835, -0.0209171988491, 0.0145356089769]"
49,"[[[[ 0.43076303 -0.84726667  0.31077711], [ 0.65816142  0.05932274 -0.75053605], [ 0.61746803  0.52784468  0.58319227]]]]","[[[[ 0.44275677], [-0.14123854], [ 0.88544797]]]]","[-0.132645023152, -0.175929188601, 0.150098315672]","[8.34382470833, -0.572054583333, -5.516240625]","[0.00769945261903, -0.0187297369614, 0.00195630460921]"
50,"[[[[ 0.16376288  0.7241862   0.66987765], [ 0.96991746  0.00578375 -0.24336531], [-0.1801162   0.68958023 -0.70145368]]]]","[[[[-0.52254893], [-0.11050647], [ 0.84541761]]]]","[0.217118958948, 0.0181514242207, -0.0286233997327]","[7.722736875, -1.50368633333, -6.13732845833]","[0.0323118153412, -0.0406220519647, 0.0021576973741]"
51,"[[[[-0.13123535  0.7869823   0.60285665], [-0.68312004  0.36890397 -0.63028317], [-0.71841791 -0.49453889  0.48919014]]]]","[[[[-0.44112454], [ 0.6162694], [-0.65239648]]]]","[0.319744318965, 0.151494579073, -0.173136661798]","[7.55929270833, -1.446480875, -6.01474533333]","[0.0670542987407, -0.0410646273822, 0.000532163037222]"
52,"[[[[ 0.02334054 -0.60310386  0.79732111], [-0.10148357  0.79198927  0.60204159], [-0.99456337 -0.09496697 -0.04271968]]]]","[[[[-0.5778864], [-0.0630651], [ 0.81367691]]]]","[0.545938990024, -0.115889862332, -0.13124875975]","[6.78293291667, -1.60175283333, -6.88099941667]","[0.0951156439978, 0.0272471264763, 0.00207868764967]"
53,"[[[[ 0.26594136  0.95596659  0.12410909], [ 0.93357889 -0.22332595 -0.28027839], [-0.24022     0.19040324 -0.95186184]]]]","[[[[ 0.09039204], [-0.32925427], [ 0.93990473]]]]","[0.44610615681, -0.0321140582367, -0.0907571211037]","[7.281437625, -0.482160291667, -6.84831058333]","[0.0687621356877, 0.094396361138, 0.00414883829509]"
54,"[[[[ 0.27653003 -0.84036226 -0.46617851], [ 0.79184416 -0.07561804  0.60602371], [-0.54453096 -0.53672449  0.64452529]]]]","[[[[-0.59683482], [ 0.07395218], [ 0.79894885]]]]","[-0.0600393262686, -0.0446804288511, 0.0188495559215]","[7.24057658333, 0.612915625, -6.48873341667]","[-0.0131206562949, 0.15621540117, -0.00294699429572]"
55,"[[[[ 0.81512933 -0.55990238 -0.14857152], [ 0.57610653  0.75674334  0.30893491], [-0.06054288 -0.33741493  0.93940711]]]]","[[[[ 0.50699123], [ 0.06218987], [-0.85970478]]]]","[-0.260403124398, -0.116587994033, 0.365122879517]","[7.40402075, 0.424954833333, -6.30894483333]","[-0.0693382851864, 0.104967655504, -0.000412092663138]"
56,"[[[[-0.13140933  0.75397935  0.64362002], [-0.49392319  0.51312609 -0.70195548], [-0.85951816 -0.41014236  0.30497833]]]]","[[[[-0.52439217], [ 0.39235946], [-0.75568969]]]]","[-0.732340154137, 0.302291026445, 0.473333293141]","[8.29479145833, -0.63743225, -5.80226791667]","[-0.0550741051884, 0.0202016465451, 0.00674247301459]"
57,"[[[[ 0.04904053 -0.12378255  0.99109682], [-0.36167077 -0.92715144 -0.09790027], [ 0.93101519 -0.35364966 -0.09023653]]]]","[[[[-0.12453041], [-0.36555646], [ 0.92242108]]]]","[-0.520806248795, 0.0167551608191, 0.32393310917]","[8.58081875, -1.07055929167, -4.61729770833]","[-0.174824639216, -0.0758394732799, 0.0121386534159]"
58,"[[[[-0.92293161  0.31123747 -0.22655789], [ 0.05528216  0.68957085  0.7221052 ], [ 0.38097392  0.6539291  -0.65363262]]]]","[[[[ 0.22420202], [-0.39532611], [ 0.89075851]]]]","[-0.155683369278, 0.225496539358, -0.0335103216383]","[8.1395195, -1.348414375, -5.53258504167]","[-0.0459160034871, -0.121882771274, 0.000140714986207]"
59,"[[[[ 0.82598482  0.56369144  0.00101509], [-0.56365752  0.82591242  0.01260431], [ 0.00626657 -0.01098313  0.99992005]]]]","[[[[-0.16017447], [ 0.38402083], [-0.9093251]]]]","[0.108908545324, 0.155683369278, 0.146607657168]","[6.93003266667, -2.71317316667, -6.50507783333]","[0.0379438649133, -0.122810501698, 0.00252721012816]"
60,"[[[[-0.96842396 -0.04506263 -0.24520275], [ 0.18572515 -0.78652162 -0.5889736 ], [-0.16631656 -0.61591647  0.77005565]]]]","[[[[ 0.25590331], [-0.35325841], [ 0.89984554]]]]","[0.629016662419, 0.0698131700798, -0.389557489045]","[6.88099941667, -2.07574091667, -6.80744954167]","[0.0948227825794, -0.091588804237, 0.00695925211088]"
61,"[[[[ 0.25523143  0.95900134  0.12318016], [ 0.96468074 -0.26116376  0.03441747], [ 0.06517659  0.11004511 -0.99178732]]]]","[[[[ 0.22162268], [-0.05662691], [ 0.97348692]]]]","[0.713490598215, -0.126361837844, -0.164759081388]","[7.673703625, 0.4903325, -6.71755525]","[0.0866268016969, 0.0272940715353, 0.00410912905766]"
62,"[[[[ 0.12268497  0.5861707   0.80084474], [-0.93798862  0.33211234 -0.09939183], [-0.324231   -0.73898938  0.59056664]]]]","[[[[-0.54039589], [ 0.25986747], [-0.80027569]]]]","[0.142418866963, -0.055152404363, 0.013962634016]","[7.51843166667, 1.94498558333, -6.29260041667]","[0.0883488466495, 0.219215628736, 0.0116220122108]"
63,"[[[[ 0.02357734 -0.61157359 -0.79083617], [ 0.4036592  -0.71788176  0.56719046], [-0.91460558 -0.33260114  0.22994157]]]]","[[[[-0.64716141], [-0.07420184], [ 0.75873328]]]]","[-0.335801348084, -0.00767944870878, 0.179419847105]","[7.56746491667, 0.939803958333, -5.64699595833]","[-0.0275823782746, 0.0890115877626, 0.00152353809273]"
64,"[[[[ 0.32583698  0.81811316  0.47383659], [ 0.87160979 -0.06579744 -0.48576441], [-0.36623303  0.57128062 -0.73451468]]]]","[[[[-0.13857523], [-0.21042568], [ 0.96773857]]]]","[-0.561297887441, -0.0209439510239, 0.356047167407]","[7.673703625, -1.52820295833, -6.3743225]","[0.0607664683749, 0.308227216498, 0.0131455503035]"
65,"[[[[ 0.0114237  -0.91897863 -0.39414182], [-0.34820331 -0.37315279  0.85994852], [-0.93734943  0.12741769 -0.32425419]]]]","[[[[ 0.06735251], [-0.39876468], [ 0.9145766]]]]","[-0.301592894745, -0.0237364778271, 0.293913446036]","[8.05779741667, -2.966511625, -6.398839125]","[-0.222947880169, -0.12667592151, 0.0214962336844]"
66,"[[[[-0.23729359 -0.86599309 -0.44016783], [-0.81864928 -0.06566731  0.57052708], [-0.52297715  0.49572549 -0.69336219]]]]","[[[[ 0.1938814], [-0.31092115], [ 0.93045045]]]]","[0.0349065850399, 0.148003920569, 0.0013962634016]","[7.69004804167, -0.375921583333, -5.23838554167]","[-0.0776055401549, 0.00279379131221, -0.00497480261715]"
67,"[[[[-0.33203705  0.93653883 -0.11245628], [ 0.50506145  0.27720772  0.81735477], [ 0.79665823  0.21459473 -0.56505289]]]]","[[[[ 0.2785017], [-0.37824361], [ 0.88281854]]]]","[0.0195476876223, -0.0342084533391, 0.0474729556542]","[7.88618104167, 0.809048625, -4.18417066667]","[-0.057328933187, 0.11440472096, -0.0289938274252]"
68,"[[[[-0.08400277 -0.94702891 -0.30996739], [-0.97713224  0.13926433 -0.16067992], [ 0.19533594  0.28938157 -0.93707106]]]]","[[[[-0.20982151], [-0.2455037], [ 0.9464158]]]]","[-0.0698131700798, -0.010471975512, -0.0879645943005]","[8.94039591667, 0.588399, -3.98803766667]","[-0.0263779430553, 0.0790593618577, -0.0124022831866]"
69,"[[[[ 0.72891439  0.66072625  0.17923345], [-0.6177264  0.7476277 -0.2438584], [-0.29512353  0.06703466  0.95310464]]]]","[[[[-0.33739565], [-0.24652494], [ 0.90850957]]]]","[0.208741378539, -0.176627320302, -0.0788888821901]","[8.54812991667, 0.0572054583333, -5.97388429167]","[0.0515363210345, -0.0242938184119, 0.0047925584224]"
70,"[[[[-0.19268979 -0.70140637  0.68622136], [-0.85102739 -0.22868392 -0.47271137], [ 0.48849056 -0.67507983 -0.55285098]]]]","[[[[-0.86874769], [-0.13726736], [ 0.475852]]]]","[0.2624975195, 0.0998328332141, -0.173136661798]","[7.27326541667, -0.915287333333, -6.42335575]","[0.132703399548, -0.106231410351, 0.00678495462559]"
71,"[[[[ 0.85463098  0.24066326 -0.46009465], [ 0.3753179  -0.89864452  0.22710019], [-0.35880687 -0.36676862 -0.85833467]]]]","[[[[ 0.71837052], [-0.30714027], [ 0.6241864]]]]","[0.432841654495, 0.203156324932, -0.0404916386463]","[6.51325004167, -1.09507591667, -7.49391504167]","[0.155064241417, -0.079600028579, -0.00927323378401]"
72,"[[[[-0.11634609  0.95245528  0.2815893 ], [-0.96067924 -0.17988334  0.21151215], [ 0.25210909 -0.24590838  0.93593273]]]]","[[[[ 0.1491591], [-0.30987741], [ 0.93900349]]]]","[0.0488692190558, -0.0188495559215, -0.102625360017]","[7.46122620833, 0.228821833333, -6.35797808333]","[0.0586213816657, 0.0146238339418, 0.00470913171455]"
73,"[[[[ 0.76854217 -0.30436075 -0.56276769], [ 0.63928857  0.40044691  0.65646964], [ 0.02555499 -0.86429556  0.50233468]]]]","[[[[ 0.8758323], [-0.1005701], [-0.4720206]]]]","[-0.0740019602846, -0.374896723328, 0.108210413624]","[8.10683066667, 0.400438208333, -4.83794733333]","[-0.0286486188063, 0.0512087208357, 0.0029235742965]"
74,"[[[[-0.71579927 -0.51781495  0.46850729], [ 0.69479394 -0.59532225  0.40355025], [ 0.06994846  0.614377    0.78590592]]]]","[[[[-0.88092637], [ 0.39441415], [-0.26154581]]]]","[-0.0893608577021, 0.0488692190558, 0.0244346095279]","[8.76877954167, 0.465815875, -4.60095329167]","[-0.108656414986, 0.0528993821607, 0.0207869755682]"
75,"[[[[ 0.11602881 -0.84746659 -0.51801323], [ 0.99302076  0.08787424  0.07866311], [-0.02114434 -0.52352508  0.85174786]]]]","[[[[-0.21355794], [-0.37624785], [ 0.90157116]]]]","[0.268780704807, 0.42027528388, 0.0684169066782]","[7.649187, -0.498504708333, -5.42634633333]","[-0.0219471585309, -0.0158788845791, 0.0361930935323]"
76,"[[[[-0.09206249  0.53379691 -0.84058632], [ 0.29371819  0.82116845  0.48929746], [ 0.95144843 -0.20184955 -0.23238467]]]]","[[[[ 0.92633956], [-0.05632088], [ 0.37245535]]]]","[-0.0328121899375, 0.380481776935, 0.0530580092606]","[8.02510858333, -0.93163175, -5.49989620833]","[0.0358984535051, -0.0382649798251, 0.0298394158601]"
77,"[[[[ 0.90929674  0.20018948 -0.36483367], [-0.09775545  0.95491236  0.2803324 ], [ 0.40450378 -0.21924086  0.88786831]]]]","[[[[ 0.65464207], [ 0.02453256], [-0.75554081]]]]","[-0.0390953752447, 0.689754120388, 0.0467748239534]","[9.340834125, -0.629260041667, -3.87362675]","[0.0644996470274, -0.0515637688768, 0.0709542702547]"
78,"[[[[ 0.67988936  0.55715077  0.47679501], [-0.51944333  0.82485023 -0.22316078], [-0.51761867 -0.09594335  0.85021514]]]]","[[[[ 0.0801373], [-0.40023854], [ 0.91290039]]]]","[-0.18360863731, 0.055152404363, 0.0286233997327]","[9.47158945833, -0.555710166667, -3.18716125]","[0.0214907254546, -0.0208495646549, 0.0406968500206]"
79,"[[[[-0.04260478 -0.97210302 -0.23065245], [ 0.95964304  0.02441512 -0.28015914], [ 0.27797495 -0.23328013  0.93183169]]]]","[[[[-0.1874911], [ 0.36089855], [-0.91356408]]]]","[0.0223402144255, 0.230383461263, 0.259006860996]","[16.5895829167, 0.277855083333, -6.46421679167]","[0.0128355306729, -0.0046330722988, 0.0223104525804]"
80,"[[[[ 0.00122978  0.79888     0.60148919], [-0.88803279  0.27742464 -0.36665151], [-0.45977848 -0.53369122  0.7097728 ]]]]","[[[[-0.26169502], [ 0.34616295], [-0.90093669]]]]","[-0.0509636141582, -0.0712094334814, 0.130550628049]","[9.21007879167, -0.392266, -2.574245625]","[0.00914709772222, -0.0052875401639, 0.0204088224551]"
81,"[[[[-0.55887264 -0.73450183 -0.38492653], [ 0.82002535 -0.55856341 -0.12476116], [-0.12336858 -0.38537511  0.91447592]]]]","[[[[-0.09151201], [ 0.31242926], [-0.94552288]]]]","[0.0349065850399, 0.0565486677646, 0.149400183971]","[9.08749566667, -0.335060541667, -2.45983470833]","[-0.00745191824333, -0.00176739786637, 0.00428193736544]"
82,"[[[[ 0.07677027  0.077804    0.99400848], [-0.73256014  0.68069433  0.00329786], [-0.67635935 -0.72842417  0.1092532 ]]]]","[[[[-0.90210165], [ 0.27205335], [-0.33496206]]]]","[0.0181514242207, 0.0111701072128, 0.109606677025]","[9.54513933333, -0.14709975, -2.54155679167]","[-0.0015836420579, -0.00222440387847, 0.00175610585674]"
83,"[[[[ 0.08947366  0.3246835   0.94158117], [ 0.86225815 -0.49842039  0.08993328], [ 0.4985031   0.80383938 -0.32455649]]]]","[[[[-0.74525049], [-0.12580496], [ 0.65480899]]]]","[-0.013962634016, 0.0251327412287, 0.0572467994654]","[8.96491254167, -0.898942916667, -2.50069575]","[-0.000979684140429, 0.000118199392678, 0.000319409374234]"
84,"[[[[ 0.26266283  0.92513893  0.27409158], [-0.92266512  0.32393405 -0.20917889], [-0.28230713 -0.19795122  0.93867886]]]]","[[[[ 0.08052247], [ 0.31005735], [-0.94730173]]]]","[-0.0013962634016, 0.0265290046303, 0.0830776723949]","[9.47158945833, -0.236994041667, -2.58241783333]","[-2.85408511056e-05, -6.7105439437e-05, -2.27169704951e-05]"
85,"[[[[ 0.35660396  0.83956591  0.40983252], [-0.65958127  0.53691914 -0.52599466], [-0.66165411 -0.08274608  0.74522945]]]]","[[[[-0.00828218], [-0.31855205], [ 0.94786919]]]]","[-0.00767944870878, 0.0216420827247, 0.0663225115758]","[9.35717854167, -0.645604458333, -2.525212375]","[5.48521581045e-06, 2.04874236611e-05, -1.1352788083e-05]"
86,"[[[[-0.11117357 -0.90588335  0.40867566], [-0.63267557  0.38164104  0.67384845], [-0.76639549 -0.18364497 -0.61555867]]]]","[[[[-0.60597267], [-0.14698812], [ 0.78178745]]]]","[0.000698131700798, 0.0209439510239, 0.0956440430093]","[9.438900625, -0.44129925, -2.549729]","[7.75607689008e-06, 4.14886906919e-05, -4.1982494035e-05]"
87,"[[[[-0.27130211  0.94863024 -0.16277542], [ 0.65446703  0.30582433  0.69147985], [ 0.70573938  0.08106879 -0.703818  ]]]]","[[[[ 0.41034485], [-0.41047713], [ 0.81432526]]]]","[0.0, 0.0279252680319, 0.0851720674973]","[9.52062270833, -0.572054583333, -2.721345375]","[0.000947601892374, -0.000284214930337, -0.000157306735514]"
88,"[[[[-0.59539904 -0.1958129  -0.77920298], [-0.61882405 -0.5067687   0.60020187], [-0.51240295  0.83954916  0.18055587]]]]","[[[[ 0.84755008], [-0.26517566], [ 0.45971809]]]]","[0.000698131700798, 0.0153588974176, 0.0795870138909]","[9.43072841667, -0.572054583333, -2.6477955]","[-3.06387797959e-05, -8.0302998535e-05, -7.26736535295e-06]"
89,"[[[[ 0.04461608 -0.99485155  0.09099341], [ 0.99887569  0.04296394 -0.02003627], [ 0.01602368  0.09178504  0.99564991]]]]","[[[[-0.37149126], [ 0.35227356], [-0.85900965]]]]","[-0.00279252680319, 0.0209439510239, 0.0942477796077]","[9.414384, -0.555710166667, -2.60693445833]","[1.56781393574e-05, 3.57885322562e-05, 1.4703310722e-05]"
90,"[[[[-0.43134519 -0.87059003 -0.23667345], [ 0.89574694 -0.44455582  0.00274528], [-0.10760457 -0.21081536  0.97158538]]]]","[[[[-0.21782429], [ 0.34801787], [-0.9118312]]]]","[-0.00837758040957, 0.0216420827247, 0.0753982236862]","[9.414384, -0.506676916667, -2.58241783333]","[-1.79784191978e-06, -3.35428272047e-07, -9.49080040902e-06]"
91,"[[[[-0.65769896 -0.29064435 -0.69495175], [ 0.72889087 -0.4784093  -0.48973732], [-0.19013199 -0.82864371  0.52649731]]]]","[[[[ 0.54887865], [ 0.20997105], [-0.80910097]]]]","[0.0, 0.0195476876223, 0.0886627260013]","[9.47976166667, -0.555710166667, -2.60693445833]","[-8.39918383377e-06, -2.7657106179e-05, 9.69455962008e-06]"
92,"[[[[-0.92682756 -0.31598973 -0.20283288], [ 0.15129367  0.18012604 -0.9719387 ], [ 0.34365813 -0.9315069  -0.11913853]]]]","[[[[-0.81175643], [ 0.04473807], [ 0.58228]]]]","[-0.00279252680319, 0.0230383461263, 0.0753982236862]","[9.414384, -0.4903325, -2.549729]","[-2.69183018977e-05, -5.55998500751e-05, -3.7356876131e-05]"
93,"[[[[ 0.91415438  0.39981212 -0.06687326], [-0.40457785  0.91015934 -0.08903226], [ 0.02526914  0.10844467  0.99378128]]]]","[[[[-0.43211735], [-0.28137363], [ 0.85679838]]]]","[-0.00279252680319, 0.0195476876223, 0.0816814089933]","[9.414384, -0.563882375, -2.525212375]","[-0.000916840245853, 0.00038783091793, 0.000116987226898]"
94,"[[[[ 0.82828824  0.38057196 -0.41122204], [ 0.28047512 -0.91697879 -0.28369631], [-0.48504875  0.11964477 -0.86626372]]]]","[[[[-0.14175984], [-0.31078425], [ 0.93984961]]]]","[-0.00418879020479, 0.0209439510239, 0.0809832772925]","[9.47976166667, -0.514849125, -2.63962329167]","[-1.31255879001e-05, -4.04588277612e-05, 9.429022931e-06]"
95,"[[[[-0.37833213 -0.60149047 -0.70361496], [-0.92544674  0.26246746  0.27323831], [ 0.02032579  0.754533   -0.65594727]]]]","[[[[ 0.3736673], [-0.31446271], [ 0.87263163]]]]","[-0.00279252680319, 0.0202458193231, 0.0816814089933]","[9.35717854167, -0.563882375, -2.58241783333]","[0.00092359799615, -0.000331064555899, -0.000196271200412]"
96,"[[[[-0.44507535 -0.78115219 -0.43784608], [-0.8952159   0.37596043  0.23925352], [-0.02228061  0.49845262 -0.86663058]]]]","[[[[ 0.03249734], [-0.34771862], [ 0.93703558]]]]","[-0.0013962634016, 0.013962634016, 0.0740019602846]","[9.35717854167, -0.604743416667, -2.721345375]","[-0.00093094530539, 0.000350380191978, 0.000114631878043]"
97,"[[[[-0.22239911 -0.4569322   0.86125002], [-0.81854799  0.5673981   0.08965819], [-0.52963934 -0.68503457 -0.50020976]]]]","[[[[-0.97681058], [ 0.07943257], [ 0.19882546]]]]","[-0.000698131700798, 0.0188495559215, 0.0900589894029]","[9.438900625, -0.506676916667, -2.58241783333]","[0.000949609556353, -0.000318642108258, -7.46164948979e-05]"
98,"[[[[-0.466621   -0.45805468  0.75660475], [-0.73268906  0.67935227 -0.04058608], [-0.49541052 -0.57329434 -0.65261169]]]]","[[[[-0.94724108], [ 0.06522738], [ 0.3138148]]]]","[-0.00488692190558, 0.0209439510239, 0.0795870138909]","[9.37352295833, -0.563882375, -2.525212375]","[-4.50314794609e-06, -1.34877758979e-05, 2.42134678596e-06]"
99,"[[[[-0.25585901 -0.44573751 -0.85781947], [-0.95771752 -0.00390368  0.28768369], [-0.13158007  0.8951552  -0.42589183]]]]","[[[[ 0.6170412], [-0.33544338], [ 0.71185525]]]]","[-0.00349065850399, 0.0174532925199, 0.0774926187885]","[9.38169516667, -0.555710166667, -2.61510666667]","[-1.69773215815e-05, -1.4212897242e-05, -6.6756717741e-05]"
100,"[[[[ 0.41664    0.8891741  0.1891574], [ 0.84459159 -0.45558393  0.28126201], [ 0.33626797  0.04257575 -0.94080346]]]]","[[[[ 0.19418882], [-0.31313694], [ 0.92964292]]]]","[-0.00209439510239, 0.0195476876223, 0.076096355387]","[9.43072841667, -0.482160291667, -2.61510666667]","[2.45612222827e-06, 6.69974177203e-06, 3.99019139952e-08]"
101,"[[[[ 0.11628319  0.96435093  0.23770888], [ 0.28640116  0.19660971 -0.93772011], [-0.95102713  0.17712118 -0.25332882]]]]","[[[[ 0.02279257], [-0.31663212], [ 0.94827454]]]]","[-0.00418879020479, 0.0202458193231, 0.0781907504893]","[9.46341725, -0.572054583333, -2.59059004167]","[4.44562280144e-06, -1.04334756061e-05, 4.6800015526e-05]"
102,"[[[[ 0.160528   -0.42132631  0.89258888], [-0.79311078  0.48324486  0.37074208], [-0.58754238 -0.76743635 -0.25658411]]]]","[[[[-0.97937948], [ 0.1613902], [ 0.12152796]]]]","[-0.00209439510239, 0.0237364778271, 0.0747000919854]","[9.414384, -0.563882375, -2.56607341667]","[3.1400856253e-06, -6.932491601e-06, 3.21495658621e-05]"
103,"[[[[ 0.35134196  0.9343329   0.05984029], [-0.84578122  0.3441544  -0.40769091], [-0.40151333  0.09262713  0.9111571 ]]]]","[[[[ 0.31037474], [ 0.25591198], [-0.91551984]]]]","[-0.00488692190558, 0.0251327412287, 0.0747000919854]","[9.35717854167, -0.506676916667, -2.56607341667]","[-1.27028607499e-05, 3.26031421105e-06, -7.8727831153e-05]"
104,"[[[[-0.09369084 -0.6619618  -0.74365893], [ 0.98143748  0.06413798 -0.18073957], [ 0.16733947 -0.74678839  0.64366498]]]]","[[[[-0.45300148], [-0.19622373], [ 0.869647]]]]","[-0.00209439510239, 0.0195476876223, 0.0837758040957]","[9.35717854167, -0.53936575, -2.55790120833]","[-0.000911831182787, 0.000356877024235, 0.000209480417583]"
105,"[[[[ 0.81811506  0.30344423 -0.48847655], [-0.24155371  0.95220773  0.18695518], [ 0.52186162 -0.03495753  0.85231357]]]]","[[[[-0.32399613], [-0.26072686], [ 0.9094218]]]]","[0.0, 0.0209439510239, 0.0781907504893]","[9.438900625, -0.53936575, -2.623278875]","[0.000930085993995, -0.000339924220614, -0.000141160245359]"
106,"[[[[-0.4789771  -0.6661517  -0.57168422], [-0.14615766  0.70267752 -0.69633486], [ 0.8655743  -0.24997242 -0.43392961]]]]","[[[[-0.2582024], [-0.23063514], [ 0.93815721]]]]","[-0.00209439510239, 0.0237364778271, 0.0753982236862]","[9.39803958333, -0.555710166667, -2.58241783333]","[-0.000932759440058, 0.000319557298686, 0.000168195979908]"
107,"[[[[-0.00816006 -0.97636088 -0.21599271], [ 0.28135736  0.2050318  -0.93744333], [ 0.95956837 -0.06842073  0.27303324]]]]","[[[[ 0.39793128], [-0.33087313], [ 0.85567147]]]]","[-0.00418879020479, 0.0181514242207, 0.0767944870878]","[9.50427829167, -0.547537958333, -2.61510666667]","[-1.48761413854e-06, 5.71720703002e-07, -9.61270130995e-06]"
108,"[[[[ 0.0701309   0.94649267 -0.31501313], [-0.98310476  0.01205504 -0.18264639], [-0.16907597  0.32250007  0.93134689]]]]","[[[[ 0.63708484], [ 0.11665579], [-0.76191491]]]]","[-0.00558505360638, 0.0181514242207, 0.0802851455917]","[9.389867375, -0.473988083333, -2.58241783333]","[0.000912548770525, -0.000383294561756, -0.000150699532639]"
109,"[[[[ 0.55511301  0.07265134  0.828596  ], [-0.77631858  0.40290715  0.48476314], [-0.29862856 -0.91235279  0.28005958]]]]","[[[[-0.89401191], [ 0.27352754], [-0.35485968]]]]","[-0.00209439510239, 0.0272271363311, 0.0809832772925]","[9.44707283333, -0.514849125, -2.60693445833]","[-0.000921320001709, 0.000389333774124, 8.84922953041e-05]"
110,"[[[[-0.35210458 -0.86091638 -0.36721296], [-0.91599622  0.23636267  0.32416603], [-0.19228441  0.45050602 -0.87182053]]]]","[[[[-0.00764698], [-0.31897492], [ 0.94773231]]]]","[-0.0013962634016, 0.0223402144255, 0.0823795406941]","[9.40621179167, -0.473988083333, -2.525212375]","[0.000927479578509, -0.000347466610774, -0.000140305241416]"
111,"[[[[ 0.48048728  0.80385417  0.35064292], [ 0.78596486 -0.57207886  0.23448886], [ 0.38909025  0.16292409 -0.90667774]]]]","[[[[ 0.01180406], [-0.32918991], [ 0.94418995]]]]","[-0.00349065850399, 0.0188495559215, 0.0816814089933]","[9.37352295833, -0.572054583333, -2.50069575]","[9.12856309121e-06, 2.73672773488e-06, 4.60541328671e-05]"
112,"[[[[ 0.41535614  0.58673062  0.69514492], [ 0.76824139 -0.63547217  0.07733237], [ 0.48711851  0.50191862 -0.71469801]]]]","[[[[-0.39831189], [-0.23417484], [ 0.88685387]]]]","[-0.00558505360638, 0.0195476876223, 0.0795870138909]","[9.43072841667, -0.514849125, -2.59876225]","[-8.4739822892e-06, -6.94752596386e-06, -3.3623718885e-05]"
113,"[[[[ 0.23208141  0.57072948  0.78765861], [ 0.86129672 -0.49686953  0.10624797], [ 0.45200241  0.65374959 -0.60688161]]]]","[[[[-0.48809248], [-0.1835248], [ 0.8532786]]]]","[-0.0013962634016, 0.0230383461263, 0.0823795406941]","[9.438900625, -0.4903325, -2.59059004167]","[-1.90509338305e-05, -5.60836537231e-05, 8.21433726494e-06]"
114,"[[[[ 0.28256787  0.7391599   0.61139025], [-0.81338871  0.5224854  -0.25574949], [-0.50848225 -0.42503134  0.74886191]]]]","[[[[-0.27737827], [ 0.3210557], [-0.90552997]]]]","[-0.00279252680319, 0.0223402144255, 0.0767944870878]","[9.45524504167, -0.555710166667, -2.59876225]","[-0.000891600871191, 0.000422124516443, 0.000188966765643]"
115,"[[[[ 0.36808335  0.84976934  0.37736814], [ 0.69942138 -0.5204758   0.48981086], [ 0.61263723  0.08364813 -0.78592532]]]]","[[[[-0.00321487], [-0.35359142], [ 0.93539445]]]]","[-0.00628318530718, 0.0160570291183, 0.076096355387]","[9.43072841667, -0.514849125, -2.59059004167]","[0.000911710885688, -0.000378642796623, -0.000165079869172]"
116,"[[[[-0.31473572 -0.48905435 -0.81349079], [ 0.94511335 -0.24071285 -0.22094812], [-0.08776204 -0.83838128  0.53797273]]]]","[[[[ 0.56451088], [ 0.1666624], [-0.80842508]]]]","[-0.00418879020479, 0.0237364778271, 0.0816814089933]","[9.38169516667, -0.4903325, -2.574245625]","[-0.000905208411874, 0.000396180948349, 0.000165597388075]"
117,"[[[[ 0.79887206  0.18382475  0.57272322], [ 0.30298105 -0.9455203  -0.11913795], [ 0.51962092  0.26870026 -0.81104517]]]]","[[[[-0.45597656], [-0.22429826], [ 0.86126399]]]]","[-0.00349065850399, 0.0195476876223, 0.0795870138909]","[9.38169516667, -0.4903325, -2.56607341667]","[0.000895939201055, -0.000399239858394, -0.0002117813794]"
118,"[[[[ 0.59089799  0.28821486  0.75350631], [ 0.3585953  -0.93049912  0.07470466], [ 0.72266796  0.22606099 -0.65318255]]]]","[[[[-0.4606556], [-0.23496546], [ 0.85591334]]]]","[-0.00628318530718, 0.0174532925199, 0.076096355387]","[9.37352295833, -0.555710166667, -2.58241783333]","[3.86950998621e-06, 1.01523895302e-05, 8.9746632792e-07]"
