frameNum,rotation,translation,imu angular velocity,imu linear velocity,groundtruth
1,"[[[[-0.25764777  0.96604168  0.01952196], [-0.76932107 -0.19287362 -0.60905243], [-0.58460475 -0.17193966  0.79288967]]]]","[[[[-0.30952996], [-0.32533982], [ 0.89350165]]]]","[0.0167551608191, -0.0558505360638, 0.124965574443]","[9.85568325, -0.220649625, -3.58759945833]","[0.0, 0.0, 0.0]"
2,"[[[[-0.52810151  0.3376354   0.77917336], [ 0.81139108  0.47130668  0.34570873], [-0.25050611  0.81478362 -0.52285213]]]]","[[[[-0.32814283], [-0.37064797], [ 0.86887419]]]]","[-0.00837758040957, -0.313461133658, 0.0111701072128]","[10.1662271667, -0.449471458333, -4.15965404167]","[0.00969127857771, 0.0113213576012, 0.265891855454]"
3,"[[[[-0.6245421   0.01074514 -0.78091723], [ 0.70371437 -0.42592563 -0.56865934], [-0.33872298 -0.90469437  0.25844698]]]]","[[[[-0.48073503], [-0.37568679], [ 0.79230882]]]]","[0.000698131700798, 0.0635299847726, 0.072605696883]","[11.62088025, -0.555710166667, -5.38548529167]","[-0.00214821322082, 0.00690023799305, 0.0626561620754]"
4,"[[[[-0.14644389 -0.72065745 -0.67764816], [-0.9848635   0.17042891  0.03158922], [ 0.09272583  0.67201699 -0.73470749]]]]","[[[[ 0.1793757], [-0.43854672], [ 0.88062542]]]]","[-0.190589954318, 0.32393310917, -0.0363028484415]","[8.94039591667, -0.612915625, -3.8245935]","[-0.000484298618572, 0.000522172802692, -0.00444781467408]"
5,"[[[[-0.26212405 -0.74662539 -0.6114258 ], [ 0.34759172  0.51800838 -0.78156721], [ 0.90026161 -0.41739411  0.12373835]]]]","[[[[-0.35060958], [-0.29259918], [ 0.88963962]]]]","[0.0013962634016, 0.336499479785, 0.146607657168]","[7.97607533333, 0.416782625, -3.17898904167]","[0.0234032618593, -0.00613696939052, -0.132481748085]"
6,"[[[[ 0.94393504 -0.32456512  0.06036651], [ 0.33012435  0.92918134 -0.16625268], [-0.00213161  0.17686019  0.98423368]]]]","[[[[ 0.43830886], [-0.34524414], [ 0.82987458]]]]","[-0.0928515162061, 0.0293215314335, -0.0209439510239]","[5.810440125, -0.0653776666667, -1.68347491667]","[-0.00944283363483, 0.00449285766767, -0.28323776072]"
7,"[[[[ 0.41683435  0.89581405  0.15416327], [-0.90429668  0.39147941  0.17026857], [ 0.09217723 -0.21038313  0.97326373]]]]","[[[[-0.01683244], [ 0.36270763], [-0.93175096]]]]","[-0.0411897703471, -0.1752310569, 0.185004900711]","[9.15287333333, 0.572054583333, -2.87661733333]","[-0.00637303627608, 0.000874335559709, -0.0208712924822]"
8,"[[[[-0.13952381  0.66266655 -0.73580306], [-0.89147654 -0.40752385 -0.19797447], [-0.43104836  0.62832902  0.64761096]]]]","[[[[ 0.92857022], [ 0.00870503], [-0.37105466]]]]","[0.0788888821901, -0.196175007924, 0.189193690916]","[9.782133375, -0.00817220833333, -3.39146645833]","[-0.0158158699109, 0.00536719322737, -0.304109053202]"
9,"[[[[ 0.99530219 -0.09308874  0.02660896], [ 0.09257573  0.99550668  0.01990463], [-0.0283423  -0.01734778  0.99944773]]]]","[[[[ 0.04672529], [-0.42144325], [ 0.90565023]]]]","[0.0851720674973, -0.234572251468, 0.141022603561]","[11.7598077917, -0.0163444166667, -4.927841625]","[-0.010763637529, -0.00646985009098, 0.24777556387]"
10,"[[[[-0.06519534  0.49690329 -0.8653535 ], [-0.56983716  0.6933561   0.44107021], [ 0.81916737  0.5218663   0.23795038]]]]","[[[[ 0.88272097], [-0.2876649], [ 0.3715543]]]]","[-0.00977384381117, 0.313461133658, 0.0600393262686]","[10.419565625, 0.073549875, -4.74805304167]","[0.00200628249639, 0.00647098770268, 0.154088391154]"
11,"[[[[-0.64197416  0.1331686  -0.75507304], [-0.67004018 -0.5761625   0.46806297], [-0.37271348  0.80641361  0.45910975]]]]","[[[[ 0.96122215], [-0.22018989], [ 0.16603735]]]]","[-0.132645023152, 0.127059969545, -0.00209439510239]","[9.38169516667, -0.155271958333, -3.79190466667]","[-0.00875735503261, 1.13761170306e-06, 0.401863955024]"
12,"[[[[ 0.43403737  0.85094042  0.29582421], [ 0.68077639 -0.52486685  0.51093865], [ 0.59004667 -0.02037633 -0.80711197]]]]","[[[[ 0.17918399], [-0.37288424], [ 0.91041224]]]]","[-0.115889862332, 0.36721727462, 0.194080612822]","[8.3356525, 0.00817220833333, -2.99102825]","[0.00200628249639, 0.00647098770268, 0.154088391154]"
13,"[[[[-0.60965435 -0.69200219 -0.38659352], [-0.59507064  0.07736294  0.79994119], [-0.52365304  0.71773808 -0.45895484]]]]","[[[[ 0.30874763], [-0.41634516], [ 0.85517929]]]]","[-0.0767944870878, 0.0390953752447, -0.0202458193231]","[5.64699595833, -0.269682875, -1.765197]","[0.00789790665397, -0.00816756941749, -0.39989623251]"
14,"[[[[-0.74699757  0.43496404  0.50279311], [ 0.65068664  0.63347797  0.41870343], [-0.13638742  0.63993121 -0.75623179]]]]","[[[[ 0.14516706], [-0.39991342], [ 0.90498386]]]]","[0.108908545324, -0.0844739357965, 0.0795870138909]","[8.00059195833, 0.63743225, -2.83575629167]","[-0.0056696973793, -0.00126108306793, -0.0334396464239]"
15,"[[[[-0.25115472 -0.86774879  0.42887451], [ 0.90498347 -0.36770275 -0.21400841], [ 0.34340388  0.33437512  0.8776486 ]]]]","[[[[-0.7709323], [ 0.31405345], [-0.55410632]]]]","[0.197571271326, -0.344877060194, 0.240157305074]","[9.62686141667, -0.163444166667, -3.59577166667]","[0.00222820927467, -0.00942865248542, -0.433335878934]"
16,"[[[[ 0.417826   -0.72970709 -0.54124763], [  8.67740741e-01   4.97017065e-01  -2.07357295e-04], [ 0.26916062 -0.46957598  0.84086323]]]]","[[[[-0.29240171], [-0.43492343], [ 0.85167062]]]]","[-0.0251327412287, -0.247836753783, 0.0733038285838]","[9.880199875, 0.130755333333, -4.731708625]","[0.000578448628691, -0.00815200043521, 0.292337287732]"
17,"[[[[ 0.38326134 -0.55177568  0.74071205], [-0.51464268 -0.79349929 -0.32481038], [ 0.76697696 -0.25671477 -0.58808492]]]]","[[[[-0.62796534], [-0.14270383], [ 0.76504585]]]]","[0.0747000919854, 0.0202458193231, 0.0635299847726]","[11.8987353333, 0.179788583333, -5.10763020833]","[-0.000398640180453, 0.000376229811628, 0.143241875756]"
18,"[[[[ 0.11170019 -0.76430326 -0.63510912], [ 0.98858113  0.15051437 -0.00726478], [ 0.10114554 -0.62704541  0.77238827]]]]","[[[[-0.25424058], [-0.38291322], [ 0.8881099]]]]","[-0.189891822617, 0.0984365698125, -0.0300196631343]","[9.64320583333, -0.073549875, -4.23320391667]","[-0.00331861082249, 0.00349034292978, 0.0124056376629]"
19,"[[[[ 0.23359144 -0.93952406  0.25045872], [-0.44930057  0.12413894  0.88471381], [-0.86230159 -0.31919282 -0.3931309 ]]]]","[[[[-0.65966148], [-0.25704041], [ 0.70624143]]]]","[-0.158475896081, 0.468446371235, 0.107512281923]","[8.63802420833, 0.122583125, -3.8245935]","[-0.00371725100295, 0.00386657274141, 0.155647513419]"
20,"[[[[-0.00909916 -0.96195614  0.27305235], [ 0.9441792  -0.09819047 -0.31445868], [ 0.3293066   0.25494905  0.90915243]]]]","[[[[ 0.6041867], [-0.31692021], [ 0.73110876]]]]","[0.0397935069455, 0.188495559215, 0.175929188601]","[6.22722275, -0.114410916667, -1.87143570833]","[0.0235453212963, -0.00496605210383, -0.359936351797]"
21,"[[[[ 0.28832283 -0.86379661 -0.41318926], [ 0.53610404  0.50316491 -0.67780346], [ 0.79338667 -0.02608622  0.60815879]]]]","[[[[ 0.14107227], [-0.37310699], [ 0.91700043]]]]","[0.0153588974176, -0.076096355387, 0.111002940427]","[6.65217758333, 0.228821833333, -2.02670766667]","[-0.00599315348426, 0.00453678389348, -0.105448306265]"
22,"[[[[-0.29897501 -0.86881643  0.39467956], [-0.95362097  0.2871671  -0.09023357], [-0.03494258 -0.40335229 -0.91437736]]]]","[[[[-0.7069283], [-0.21954454], [ 0.67234855]]]]","[-0.00279252680319, -0.132645023152, -0.0383972435439]","[9.586000375, 0.0163444166667, -3.44867191667]","[5.34111344264e-05, 0.000404807360565, -0.00195241762204]"
23,"[[[[-0.04668953 -0.93020578 -0.36405672], [ 0.36485829  0.32339216 -0.8730956 ], [ 0.92989167 -0.17359354  0.32429427]]]]","[[[[ 0.064247], [-0.39783213], [ 0.91520594]]]]","[0.263893782902, -0.242949831878, 0.145909525467]","[10.419565625, -0.122583125, -4.79708629167]","[-0.00593974234983, 0.00494159125404, -0.107400723887]"
24,"[[[[ 0.90012518  0.27294013  0.33952666], [-0.38037477  0.87233355  0.30716316], [-0.21234334 -0.40563267  0.88902893]]]]","[[[[-0.66338215], [ 0.34992267], [-0.66142139]]]]","[0.0712094334814, -0.352556508903, 0.191986217719]","[9.16921775, -0.0898942916667, -4.314926]","[-0.0134126007819, -0.0128018497444, 0.289091062518]"
25,"[[[[-0.4014418   0.81885579 -0.41026781], [-0.29265154 -0.53914724 -0.78973117], [-0.8678707  -0.1969656   0.45607564]]]]","[[[[ 0.30391909], [ 0.4410436], [-0.84446061]]]]","[-0.201760061531, -0.345575191895, 0.189193690916]","[8.29479145833, -0.408610416667, -5.41000191667]","[-0.012919495022, 0.00144636055009, 0.00451138246771]"
26,"[[[[ 0.49384367  0.84930778 -0.18653342], [-0.67254154  0.23708754 -0.70105448], [-0.55118628  0.47166279  0.68827894]]]]","[[[[-0.39553318], [-0.09579541], [ 0.91344225]]]]","[-0.0181514242207, -0.39374627925, 0.224798407657]","[7.12616566667, -0.0817220833333, -6.14550066667]","[0.00335521647634, 0.00753580523798, -0.0147938740105]"
27,"[[[[ 0.97981271 -0.19912791 -0.0177519 ], [ 0.19990324  0.97693689  0.07505339], [ 0.00239726 -0.07708692  0.99702149]]]]","[[[[-0.17169058], [-0.27830749], [ 0.94502237]]]]","[-0.0188495559215, 0.0258308729295, 0.0879645943005]","[7.73908129167, -0.122583125, -6.14550066667]","[-0.0139830314711, 0.00342219169655, -0.0120833555444]"
28,"[[[[ 0.04099937  0.41854777  0.90726888], [ 0.33954186 -0.85982974  0.38131895], [ 0.93969696  0.29242192 -0.17736697]]]]","[[[[-0.72891692], [-0.02754194], [ 0.68404793]]]]","[0.0530580092606, 0.157079632679, 0.0230383461263]","[7.14251008333, -1.12776475, -6.12915625]","[-0.00943212808012, -0.0087607355561, -0.00714422242013]"
29,"[[[[ 0.50648596  0.50320942  0.70018015], [ 0.60662481 -0.78503827  0.12538444], [ 0.61276285  0.36124119 -0.70287018]]]]","[[[[-0.39815991], [-0.07058063], [ 0.91459667]]]]","[0.00279252680319, -0.0719075651822, -0.000698131700798]","[7.60015375, 0.2941995, -6.24356716667]","[-0.0050112174862, -0.018370354554, -0.00274998401458]"
30,"[[[[ 0.1346936  -0.74906712 -0.64865714], [-0.78519961 -0.47998953  0.39124369], [-0.60441642  0.45662731 -0.65281872]]]]","[[[[ 0.35128615], [-0.20490674], [ 0.91357062]]]]","[-0.0349065850399, -0.0209439510239, 0.14032447186]","[7.19971554167, 0.424954833333, -6.33346145833]","[0.0128499316937, -0.0174699806728, 0.000329401760338]"
31,"[[[[ 0.52754911 -0.84106299 -0.11960339], [ 0.77667346  0.42046292  0.46903013], [-0.34419509 -0.34032921  0.87504615]]]]","[[[[ 0.37429985], [ 0.16201595], [-0.91304461]]]]","[-0.0767944870878, 0.132645023152, 0.182212373908]","[7.55929270833, -0.00817220833333, -6.26808379167]","[0.000182280618835, -0.0530252105779, 0.00207733679409]"
32,"[[[[-0.05760209 -0.94074243 -0.33419408], [-0.67558779 -0.20972795  0.70682058], [-0.73502595  0.26649178 -0.62347333]]]]","[[[[ 0.17681961], [-0.22208542], [ 0.95886021]]]]","[-0.126361837844, -0.0502654824574, 0.138230076758]","[7.04444358333, -0.727326541667, -6.31711704167]","[-0.0171365153365, -0.0852888041016, -0.00166281947752]"
33,"[[[[-0.33242599 -0.5531714  -0.76386803], [ 0.10116208  0.78434292 -0.61202322], [ 0.93768822 -0.2807269  -0.204776  ]]]]","[[[[ 0.31329939], [ 0.6851038], [ 0.65762928]]]]","[-0.0390953752447, -0.0684169066782, 0.0788888821901]","[7.30595425, -0.784532, -6.73389966667]","[-0.0228269256404, -0.0860730642829, 0.00227634554985]"
34,"[[[[ 0.22316756 -0.80425272 -0.55079379], [-0.86604274  0.09575365 -0.49071501], [ 0.4473994   0.58652263 -0.67514812]]]]","[[[[ 0.4108705], [-0.07490755], [ 0.90861119]]]]","[0.0230383461263, 0.0753982236862, 0.113097335529]","[7.10982125, -1.21765904167, -6.594972125]","[-0.0122238582787, -0.0520878820738, 0.00922334656397]"
35,"[[[[ 0.21918364 -0.96480536 -0.14528991], [-0.76425492 -0.26234194  0.5891444 ], [-0.6065253  -0.01809229 -0.7948583 ]]]]","[[[[-0.05832775], [-0.15369136], [ 0.98639588]]]]","[0.0251327412287, 0.0356047167407, 0.0425860337487]","[6.67669420833, -1.08690370833, -6.276256]","[-0.00850527223255, -0.0202155997236, 0.00778962730303]"
36,"[[[[ 0.29979656 -0.78567882 -0.54113845], [-0.38764018  0.4179692  -0.82160626], [ 0.87169784  0.45608173 -0.17925495]]]]","[[[[ 0.28548357], [-0.19386483], [ 0.93857102]]]]","[0.0907571211037, 0.0307177948351, 0.0244346095279]","[7.09347683333, -0.83356525, -6.791105125]","[0.00635250632428, 0.0435609371812, -0.00713382312779]"
37,"[[[[ 0.3721208   0.83336689 -0.40868782], [-0.82407297  0.49924642  0.26768779], [ 0.42711807  0.23717639  0.87253511]]]]","[[[[ 0.66703344], [ 0.08466969], [-0.74020094]]]]","[0.118682389136, 0.124965574443, 0.00488692190558]","[7.46122620833, -0.83356525, -6.39066691667]","[0.0133991490256, 0.0623223176229, -0.00185755813658]"
38,"[[[[ 0.98487109 -0.16774805  0.0434686 ], [ 0.16960264  0.98456524 -0.04319989], [-0.03555097  0.04991871  0.99812036]]]]","[[[[ 0.42040928], [-0.3814594], [ 0.82325255]]]]","[0.051661745859, -0.0356047167407, -0.0439822971503]","[7.15068229167, -0.318716125, -6.349805875]","[0.025738888421, 0.12665632968, -0.0140875167132]"
39,"[[[[-0.03453048  0.99517074  0.09188495], [ 0.98323385  0.05029954 -0.17527453], [-0.17904985  0.08429208 -0.98022242]]]]","[[[[ 0.34006674], [-0.20178033], [ 0.9184984]]]]","[0.0439822971503, 0.069115038379, 0.0418879020479]","[7.232404375, -0.2941995, -6.38249470833]","[0.0392146916171, 0.139140822386, -0.00549625486683]"
40,"[[[[ 0.59301248  0.48401456  0.64347968], [ 0.78036857 -0.14856892 -0.60741434], [-0.1983963   0.8623556  -0.46581297]]]]","[[[[-0.58037805], [-0.02196242], [ 0.81405096]]]]","[0.15777776438, -0.101927228316, 0.0446804288511]","[7.19971554167, 0.0817220833333, -6.43970016667]","[0.0273819221123, 0.113674844954, 0.00319030864144]"
41,"[[[[-0.54128099 -0.82156227  0.17902604], [-0.80080502  0.56860464  0.18814911], [-0.25637125 -0.04152341 -0.96568607]]]]","[[[[-0.47335142], [-0.10809045], [ 0.87421673]]]]","[0.0970403064109, 0.138928208459, 0.0383972435439]","[7.428537375, 0.653776666667, -6.43970016667]","[0.0188782439776, 0.068613180262, 0.00847562343258]"
42,"[[[[-0.4086475  -0.45112995 -0.79340342], [ 0.60289393 -0.78606893  0.13643518], [-0.68521977 -0.42258421  0.59320861]]]]","[[[[ 0.48412517], [ 0.06646145], [-0.87247103]]]]","[-0.119380520836, 0.00488692190558, 0.0872664625997]","[7.428537375, 0.465815875, -6.41518354167]","[0.00734822063023, 0.0421271073313, 0.000229881039231]"
43,"[[[[-0.5020472   0.84808978 -0.16938808], [-0.86211592 -0.47523872  0.17579622], [ 0.0685912   0.23429016  0.96974397]]]]","[[[[-0.62434027], [ 0.01244214], [ 0.78105341]]]]","[-0.123569311041, 0.0809832772925, 0.113097335529]","[7.33864308333, 0.0980665, -5.93302325]","[-0.0163501484101, -0.0260711367799, -0.00585999340277]"
44,"[[[[ 0.51853919  0.82956118 -0.20723259], [-0.79673365  0.38079144 -0.46926897], [-0.31037493  0.40844353  0.8583946 ]]]]","[[[[ 0.53157451], [ 0.03330823], [-0.84635637]]]]","[-0.0677187749774, -0.065624379875, 0.128456232947]","[7.44488179167, -0.114410916667, -6.300772625]","[-0.0395007781459, -0.100461695767, -0.00620083105472]"
45,"[[[[ 0.3330071  -0.94256102  0.02617239], [ 0.82825216  0.27913001 -0.48588557], [ 0.4506713   0.18348068  0.87363048]]]]","[[[[ 0.54768728], [-0.16164695], [ 0.82091955]]]]","[-0.00628318530718, 0.0146607657168, 0.159174027782]","[7.44488179167, -0.8825985, -6.39066691667]","[-0.0188413543881, -0.0668183372323, 0.00255506438137]"
46,"[[[[ 0.0727576   0.99269358  0.09625899], [-0.96757305  0.04684825  0.24820887], [ 0.24188579 -0.11119669  0.96391211]]]]","[[[[ 0.31820494], [ 0.24445478], [-0.9159626]]]]","[-0.0774926187885, 0.0181514242207, 0.143116998664]","[6.91368825, -1.57723620833, -6.11281183333]","[-0.0358969559624, -0.152902142786, 0.00893895160206]"
47,"[[[[-0.46138115 -0.87621124 -0.13921669], [-0.70372189  0.26587275  0.65885293], [-0.54028042  0.40195216 -0.73927771]]]]","[[[[ 0.12048867], [-0.24447733], [ 0.96213997]]]]","[-0.22759093446, 0.411897703471, 0.134739418254]","[7.256921, -0.997009416667, -6.5704555]","[-0.00748117501511, -0.0556345940291, 0.0131581263347]"
48,"[[[[ 0.4719737   0.5144088   0.71597794], [ 0.63399771 -0.76236345  0.12980319], [ 0.61260732  0.39266468 -0.68594951]]]]","[[[[-0.58381647], [-0.38916218], [ 0.7125385]]]]","[-0.205250720035, 0.264591914602, 0.144513262065]","[8.25393041667, -0.261510666667, -5.41000191667]","[-0.00122321307839, -0.0272696090922, 0.0159124702026]"
49,"[[[[ 0.52430445 -0.4801674  -0.70323831], [-0.65347932 -0.75637919  0.02924544], [-0.54595753  0.44421817 -0.71035244]]]]","[[[[ 0.30791622], [-0.15289474], [ 0.93904781]]]]","[-0.181514242207, -0.150796447372, 0.226194671058]","[8.10683066667, -0.473988083333, -5.222041125]","[0.00499555022031, -0.0149538589183, 0.00446835978876]"
50,"[[[[ 0.92245941 -0.29261371 -0.2518846 ], [ 0.38232713  0.78320392  0.49032395], [ 0.0538015  -0.54860626  0.83434799]]]]","[[[[ 0.83209739], [ 0.07059891], [-0.55011792]]]]","[0.187797427515, -0.0788888821901, 0.0788888821901]","[7.9433865, -1.397447625, -5.72054583333]","[0.0272284790842, -0.0364516194946, 0.00147890138213]"
51,"[[[[ 0.99703699  0.01795824 -0.07479796], [-0.04213459  0.94102142 -0.33571322], [ 0.06435766  0.33787008  0.93898983]]]]","[[[[ 0.57178657], [ 0.38230415], [-0.72588129]]]]","[0.319744318965, 0.151494579073, -0.173136661798]","[7.55929270833, -1.446480875, -6.01474533333]","[0.0485441534162, -0.0434576381978, 0.0030434642717]"
52,"[[[[ 0.19279339 -0.78359998 -0.59059443], [-0.91224801  0.07856495 -0.40203372], [ 0.36143363  0.61627803 -0.69969073]]]]","[[[[ 0.46639717], [-0.31948466], [ 0.82486558]]]]","[0.511032404984, -0.119380520836, -0.191288086019]","[6.95454929167, -1.45465308333, -7.06896020833]","[0.104404501258, 0.00839252507859, -0.000389318340022]"
53,"[[[[ 0.44115334  0.87762494  0.1875052 ], [ 0.85527229 -0.47443646  0.20837309], [ 0.27183273  0.06844352 -0.95990752]]]]","[[[[ 0.15828848], [-0.35914381], [ 0.9197611]]]]","[0.536863277913, -0.0488692190558, -0.0837758040957]","[7.036271375, -0.817220833333, -6.89734383333]","[0.0679737317203, 0.057499125195, 0.0033697997529]"
54,"[[[[ 0.85960496  0.40024006  0.31762746], [ 0.46965958 -0.3740815  -0.79967676], [-0.20124412  0.83658289 -0.50953889]]]]","[[[[-0.63940447], [ 0.09871611], [ 0.76250708]]]]","[0.0642281164734, -0.0593411945678, 0.076096355387]","[7.27326541667, 0.73549875, -6.43970016667]","[0.0155064238137, 0.143710232219, 0.00141998740622]"
55,"[[[[-0.73710326 -0.62749902 -0.25084611], [-0.66351335  0.74242131  0.09252367], [ 0.12817499  0.23463924 -0.96359514]]]]","[[[[-0.16969597], [-0.26361006], [ 0.94958571]]]]","[-0.260403124398, -0.116587994033, 0.365122879517]","[7.40402075, 0.424954833333, -6.30894483333]","[-0.0613936451238, 0.151874710126, -0.00484917691988]"
56,"[[[[ 0.29904012  0.70520803  0.64285041], [-0.64028437  0.64779747 -0.41278852], [-0.70753865 -0.28816674  0.64525111]]]]","[[[[-0.36321338], [ 0.21903922], [-0.90559255]]]]","[-0.703716754404, 0.275063890114, 0.544542726622]","[8.27027483333, -0.277855083333, -5.72871804167]","[-0.0733716821651, 0.0334402280579, 0.00827027430829]"
57,"[[[[ 0.02505769  0.9718981   0.23406449], [-0.92822139  0.10955512 -0.3555316 ], [-0.37118345 -0.20835487  0.90488181]]]]","[[[[ 0.16414172], [ 0.37437913], [-0.91263233]]]]","[-0.601091394387, 0.0593411945678, 0.42027528388]","[8.433719, -0.980665, -4.584608875]","[-0.174824639216, -0.0758394732799, 0.0121386534159]"
58,"[[[[-0.02228686 -0.93033483 -0.36603334], [ 0.80587879  0.19995767 -0.55729374], [ 0.59166095 -0.30739883  0.74528067]]]]","[[[[-0.09322923], [ 0.42380127], [-0.90094439]]]]","[-0.216420827247, 0.160570291183, -0.00279252680319]","[8.016936375, -1.25852008333, -5.43451854167]","[-0.044577164899, -0.0938949817674, -0.000786229703186]"
59,"[[[[-0.65688162  0.41640713  0.62857906], [-0.75167706 -0.42696171 -0.50267812], [ 0.05906044 -0.80268848  0.59346699]]]]","[[[[-0.30636127], [ 0.41196223], [-0.85815494]]]]","[0.108908545324, 0.155683369278, 0.146607657168]","[6.93003266667, -2.71317316667, -6.50507783333]","[0.0110825807427, -0.116353514175, 0.00422115211018]"
60,"[[[[ 0.16634612 -0.90184524 -0.39875323], [-0.69615685  0.17898621 -0.69521909], [ 0.69835135  0.39324179 -0.59805207]]]]","[[[[ 0.45954794], [-0.28965643], [ 0.83959207]]]]","[0.524995039, 0.103323491718, -0.282743338823]","[7.01992695833, -2.50069575, -7.05261579167]","[0.120345228162, -0.126033581266, 0.00619225481826]"
61,"[[[[ 0.40852     0.89557849  0.17621174], [ 0.36726647 -0.33802347  0.86651917], [ 0.83559963 -0.28927375 -0.4670053 ]]]]","[[[[ 0.22603246], [-0.40601464], [ 0.88547244]]]]","[0.718377520121, -0.116587994033, -0.249233017185]","[7.27326541667, -0.220649625, -6.68486641667]","[0.131427808905, -0.242387095441, 0.0104134069284]"
62,"[[[[ 0.2596163   0.95671989  0.13147789], [ 0.79360256 -0.28893765  0.53545309], [ 0.55026753 -0.03467116 -0.83426828]]]]","[[[[ 0.17700089], [-0.38799664], [ 0.904505]]]]","[0.298102236241, -0.0495673507566, -0.0118682389136]","[7.771770125, 1.53637516667, -6.62766095833]","[0.172267037782, 0.214433822548, 0.0142456459657]"
63,"[[[[ 0.61266934 -0.71773607 -0.33089455], [ 0.52669729  0.05863343  0.84802835], [-0.58925906 -0.69384224  0.41395255]]]]","[[[[ 0.69858004], [-0.33114423], [-0.63429443]]]]","[-0.177325452003, -0.0565486677646, 0.109606677025]","[7.92704208333, 1.103248125, -6.04743416667]","[-0.0133340752932, 0.114786105413, 0.00272076335925]"
64,"[[[[ 0.15612867 -0.88559392  0.43743257], [-0.75809765 -0.39133051 -0.52167844], [ 0.63317596 -0.25016765 -0.73246457]]]]","[[[[-0.64839828], [ 0.06605689], [ 0.75843006]]]]","[-0.63879050623, 0.0216420827247, 0.374896723328]","[7.673703625, -0.751843166667, -5.93302325]","[-0.0115396924173, 0.00630136007302, 0.000288270036226]"
65,"[[[[-0.16448129  0.48022837  0.86158379], [ 0.85864778  0.49960278 -0.11454711], [-0.48545843  0.72095615 -0.49452233]]]]","[[[[-0.4613543], [-0.20125631], [ 0.86408802]]]]","[-0.434237917896, -0.0600393262686, 0.363726616116]","[7.77994233333, -3.138128, -6.33346145833]","[-0.20197363283, -0.112376870523, 0.0198065132694]"
66,"[[[[ 0.7066831   0.70088252 -0.09676097], [-0.28104164  0.40357479  0.87071407], [ 0.64931856 -0.58812506  0.48217666]]]]","[[[[ 0.31193646], [-0.45954875], [ 0.83157116]]]]","[-0.0328121899375, 0.135437549955, 0.0132645023152]","[7.58380933333, -0.83356525, -6.06377858333]","[-0.0876089537736, -0.0241810504315, 0.000641871790669]"
67,"[[[[-0.78852237  0.325937   -0.52153384], [-0.60055536 -0.59082654  0.53875529], [-0.13253575  0.73803054  0.66162315]]]]","[[[[ 0.84994678], [-0.42065112], [-0.31724298]]]]","[0.0195476876223, -0.0342084533391, 0.0474729556542]","[7.88618104167, 0.809048625, -4.18417066667]","[-0.0682997669076, 0.127080511717, -0.0329207814181]"
68,"[[[[ 0.78379721  0.31602506  0.53459338], [-0.24494736  0.948367   -0.20149647], [-0.57066866  0.02698513  0.82073692]]]]","[[[[-0.37254807], [ 0.33250593], [-0.8663993]]]]","[-0.0411897703471, 0.120078652537, 0.0411897703471]","[9.144701125, 0.964320583333, -3.92266]","[-0.0277948094846, 0.0724918057192, -0.0121613934196]"
69,"[[[[-0.87352146  0.34229882  0.3461095 ], [-0.31565317 -0.93956831  0.13256875], [ 0.37057164  0.00655109  0.92878078]]]]","[[[[-0.29695758], [-0.29558431], [ 0.90799015]]]]","[0.208741378539, -0.176627320302, -0.0788888821901]","[8.54812991667, 0.0572054583333, -5.97388429167]","[0.0217931169761, -0.0006111402001, 0.00429676018204]"
70,"[[[[ 0.26193888 -0.820744   -0.5077079 ], [ 0.96119195  0.26906588  0.06093926], [ 0.08659134 -0.50396711  0.85937134]]]]","[[[[ 0.28358953], [ 0.26881958], [-0.92049607]]]]","[0.2624975195, 0.0998328332141, -0.173136661798]","[7.27326541667, -0.915287333333, -6.42335575]","[0.140702022941, -0.105209144726, 0.00822390908996]"
71,"[[[[ 0.82549849  0.45513111 -0.33377826], [ 0.36607603 -0.88187583 -0.29712516], [-0.42958188  0.12308815 -0.89459975]]]]","[[[[-0.01340759], [-0.24619967], [ 0.96912639]]]]","[0.501258561173, 0.196873139625, -0.0237364778271]","[6.153672875, -1.52003075, -7.50208725]","[0.129222631575, -0.0768593805841, -0.00922035445208]"
72,"[[[[-0.5905912  -0.79589478  0.1332424 ], [ 0.53759941 -0.51118681 -0.67057805], [ 0.60182133 -0.32440646  0.72977499]]]]","[[[[ 0.38026448], [-0.22160088], [ 0.89793762]]]]","[0.150098315672, 0.0537561409614, -0.106814150222]","[7.10982125, 0.0326888333333, -6.58679991667]","[0.106481506861, -0.017545328049, 0.00231204278105]"
73,"[[[[ 0.27243875  0.96037997  0.05871488], [-0.86979401  0.21973187  0.4417876 ], [ 0.41138243 -0.17142992  0.89519622]]]]","[[[[-0.0328576], [-0.24880187], [ 0.9679969]]]]","[-0.101927228316, -0.312763001957, 0.116587994033]","[7.66553141667, 0.874426291667, -5.00956370833]","[-0.0275056870652, 0.0624998471329, 0.00408373790709]"
74,"[[[[-0.71579927 -0.51781495  0.46850729], [ 0.69479394 -0.59532225  0.40355025], [ 0.06994846  0.614377    0.78590592]]]]","[[[[-0.88092637], [ 0.39441415], [-0.26154581]]]]","[-0.166853476491, -0.0397935069455, 0.0921533845053]","[8.81781279167, 0.506676916667, -4.682675375]","[-0.108656414986, 0.0528993821607, 0.0207869755682]"
75,"[[[[ 0.78984306 -0.11212813 -0.60297199], [-0.47115988  0.51845484 -0.71359158], [ 0.39262743  0.84772157  0.35666768]]]]","[[[[ 0.9151563], [-0.39844521], [ 0.06107668]]]]","[0.173136661798, 0.370707933124, 0.0272271363311]","[7.71456466667, 0.0898942916667, -5.10763020833]","[-0.0219471585309, -0.0158788845791, 0.0361930935323]"
76,"[[[[-0.5848042   0.42935231  0.68823008], [ 0.80697265  0.39417672  0.43979524], [-0.08245717  0.81257696 -0.57699177]]]]","[[[[-0.33681406], [-0.28923539], [ 0.89604641]]]]","[0.0425860337487, 0.429350995991, 0.0816814089933]","[8.12317508333, -0.179788583333, -5.23838554167]","[0.0358984535051, -0.0382649798251, 0.0298394158601]"
77,"[[[[ 0.62891881 -0.69748325 -0.34347962], [ 0.74958877  0.66123323  0.02978741], [ 0.20634392 -0.27620233  0.93868763]]]]","[[[[ 0.22687078], [ 0.44905176], [-0.86422345]]]]","[0.213628300444, 0.522202512197, 0.188495559215]","[9.30814529167, -0.8825985, -5.09128579167]","[0.0644996470274, -0.0515637688768, 0.0709542702547]"
78,"[[[[-0.45176353 -0.43780897 -0.77732427], [-0.79325151  0.59583489  0.12543059], [ 0.40824228  0.67327862 -0.61646909]]]]","[[[[ 0.37393227], [-0.40048777], [ 0.83653105]]]]","[-0.136833813356, 0.203156324932, -0.010471975512]","[8.93222370833, -0.400438208333, -3.22802229167]","[0.0167835904624, -0.0158157849187, 0.0269982697625]"
79,"[[[[ 0.8859004   0.44746489  0.12229328], [ 0.4618079  -0.87561437 -0.14153777], [ 0.04374857  0.18186437 -0.98234994]]]]","[[[[-0.05091247], [-0.35452201], [ 0.93366057]]]]","[-0.0802851455917, -0.0607374579694, 0.0677187749774]","[9.1201845, -0.482160291667, -3.603943875]","[0.0175426656651, -0.00966685203499, 0.0360090328386]"
80,"[[[[ 0.56378416  0.71968491 -0.4052173 ], [ 0.78652466 -0.6175538  -0.00250238], [-0.25204441 -0.3173026  -0.91421698]]]]","[[[[ 0.63481149], [-0.26794428], [ 0.7247208]]]]","[-0.0181514242207, 0.0747000919854, 0.154985237577]","[9.86385545833, -0.645604458333, -1.87143570833]","[0.0112589604727, -0.00476343935213, 0.0190405928366]"
81,"[[[[-0.2722077  -0.74476709 -0.60928233], [-0.68237479  0.59584464 -0.42347824], [ 0.67843026  0.30048486 -0.67040378]]]]","[[[[ 0.00298526], [-0.31286219], [ 0.94979384]]]]","[-0.0160570291183, 0.0991347015133, 0.0802851455917]","[8.68705745833, -1.4709975, -2.00219104167]","[-0.00956378099386, -0.00229149867814, 0.00565016698401]"
82,"[[[[ 0.55051164  0.43713548  0.71123098], [ 0.58653492 -0.8087766   0.04309521], [ 0.59406542  0.3934374  -0.70163615]]]]","[[[[-0.41983307], [-0.21128246], [ 0.88266636]]]]","[0.00488692190558, 0.0174532925199, 0.0809832772925]","[9.46341725, -0.269682875, -2.6477955]","[-0.00163611686172, -0.00230315263424, 0.00162190312166]"
83,"[[[[-0.27607378  0.71094549  0.64679191], [-0.80927499  0.19109656 -0.55547826], [-0.51851447 -0.6767855   0.52259366]]]]","[[[[-0.46924682], [ 0.2980975], [-0.8312312]]]]","[0.000698131700798, 0.0300196631343, 0.0460766922527]","[9.22642320833, -0.14709975, -2.329079375]","[-0.000927209336612, 0.000196948148451, 0.000453612109319]"
84,"[[[[-0.05282876  0.78338806  0.61928368], [ 0.83400806 -0.30646086  0.4588162 ], [ 0.54921734  0.54072627 -0.637162  ]]]]","[[[[-0.34284277], [-0.27228939], [ 0.89906469]]]]","[-0.00209439510239, 0.0244346095279, 0.0872664625997]","[9.389867375, -0.710982125, -2.68865654167]","[-1.0840504955e-05, -1.2571625615e-05, -3.5377062268e-05]"
85,"[[[[ 0.12101384 -0.82149649 -0.55722451], [-0.55607476  0.40889921 -0.72358987], [ 0.82227521  0.39742288 -0.407331  ]]]]","[[[[ 0.26310312], [-0.39748536], [ 0.87908028]]]]","[-0.000698131700798, 0.0244346095279, 0.0914552528045]","[9.40621179167, -0.359577166667, -2.61510666667]","[3.81119320991e-07, -2.1509883126e-05, 4.6703829107e-05]"
86,"[[[[-0.1911331   0.52841859  0.82718917], [-0.81486766  0.38440411 -0.43384811], [-0.54722832 -0.75697244  0.35711887]]]]","[[[[-0.64679622], [ 0.2847502], [-0.70751111]]]]","[-0.00698131700798, 0.0251327412287, 0.062133721371]","[9.30814529167, -0.555710166667, -2.549729]","[-4.84017277103e-06, 2.89521836569e-05, -8.7379019452e-05]"
87,"[[[[-0.03004889  0.23897258  0.97056127], [-0.77178805  0.61148093 -0.17445426], [-0.63516949 -0.75430974  0.16606186]]]]","[[[[-0.83139656], [ 0.25757386], [-0.49237736]]]]","[0.0, 0.0279252680319, 0.0851720674973]","[9.52062270833, -0.572054583333, -2.721345375]","[0.000947601892374, -0.000284214930337, -0.000157306735514]"
88,"[[[[ 0.61377469  0.688818    0.38575949], [ 0.74290744 -0.66926736  0.01302787], [ 0.26715007  0.27858742 -0.92250739]]]]","[[[[-0.14887799], [-0.3163139], [ 0.9368996]]]]","[-0.0013962634016, 0.0209439510239, 0.0858701991981]","[9.414384, -0.555710166667, -2.549729]","[-3.06387797959e-05, -8.0302998535e-05, -7.26736535295e-06]"
89,"[[[[ 0.40759394 -0.58963979 -0.69727477], [ 0.90904275  0.33445775  0.24855441], [ 0.08665138 -0.73516184  0.67233073]]]]","[[[[ 0.57556183], [ 0.16196091], [-0.80155925]]]]","[-0.0013962634016, 0.0188495559215, 0.0788888821901]","[9.50427829167, -0.612915625, -2.53338458333]","[1.97483089179e-05, 4.13860268571e-05, 2.6169465382e-05]"
90,"[[[[ 0.16725117  0.93147961  0.32306776], [-0.7357361   0.33604821 -0.588017  ], [-0.65629219 -0.13934608  0.74152763]]]]","[[[[-0.00367716], [ 0.3166515], [-0.94853482]]]]","[0.000698131700798, 0.0160570291183, 0.0914552528045]","[9.414384, -0.482160291667, -2.63145108333]","[-5.86801148028e-06, -5.93292287299e-06, -2.09569550691e-05]"
91,"[[[[ 0.05905265  0.83410157  0.54844085], [-0.82982797  0.34640399 -0.43748122], [-0.55488587 -0.42927713  0.71261688]]]]","[[[[-0.22698634], [ 0.32410481], [-0.91838623]]]]","[-0.00279252680319, 0.0195476876223, 0.0802851455917]","[9.38169516667, -0.53936575, -2.50886795833]","[-0.000937419011331, 0.000304626274912, 0.000172721456633]"
92,"[[[[-0.42804797 -0.89222831 -0.14388737], [-0.90369354  0.42068681  0.07975333], [-0.01062666  0.16416833 -0.9863751 ]]]]","[[[[-0.24104697], [-0.24137999], [ 0.94001705]]]]","[-0.0013962634016, 0.0251327412287, 0.0809832772925]","[9.389867375, -0.612915625, -2.525212375]","[0.000908713028993, -0.000380573679819, -0.000178064002128]"
93,"[[[[ 0.19245575  0.8801122   0.4340084 ], [ 0.75945008 -0.41367301  0.50210578], [ 0.62144698  0.23297457 -0.74801504]]]]","[[[[-0.0969539], [-0.3062287], [ 0.94700788]]]]","[-0.00349065850399, 0.0125663706144, 0.0823795406941]","[9.389867375, -0.506676916667, -2.59059004167]","[-7.11687980548e-07, 1.4156944254e-05, -3.3351958311e-05]"
94,"[[[[ 0.33268018  0.84822499 -0.41211438], [ 0.91155609 -0.1772661   0.37100164], [ 0.24163895 -0.49909026 -0.83217758]]]]","[[[[ 0.71109846], [-0.30656006], [ 0.63274001]]]]","[-0.00418879020479, 0.0251327412287, 0.0837758040957]","[9.49610608333, -0.523021333333, -2.58241783333]","[-1.04461808732e-05, -6.56366475504e-06, -4.55926365459e-05]"
95,"[[[[-0.43165736  0.78185505 -0.44986066], [-0.89266179 -0.44197508  0.08839089], [-0.12971834  0.439728    0.88871392]]]]","[[[[ 0.80454557], [-0.14187505], [-0.57669567]]]]","[-0.00279252680319, 0.0202458193231, 0.0816814089933]","[9.35717854167, -0.563882375, -2.58241783333]","[7.51005848176e-06, 1.527841639e-05, 1.09073880099e-05]"
96,"[[[[ 0.47493128  0.85706039 -0.19971925], [-0.79667     0.32231936 -0.51129946], [-0.37384113  0.40194244  0.83587384]]]]","[[[[ 0.57365243], [ 0.1785765], [-0.7993956]]]]","[-0.0013962634016, 0.0118682389136, 0.0851720674973]","[9.487933875, -0.400438208333, -2.4516625]","[-1.03739599924e-05, -1.6434452881e-05, -2.47401640759e-05]"
97,"[[[[-0.75610846 -0.6541769   0.01877712], [-0.65443139  0.75597378 -0.01493991], [-0.00442167 -0.02358453 -0.99971207]]]]","[[[[-0.53423595], [-0.15698402], [ 0.83063106]]]]","[-0.00418879020479, 0.0209439510239, 0.0670206432766]","[9.49610608333, -0.547537958333, -2.55790120833]","[1.97066803302e-05, 3.4298823635e-05, 4.0618032469e-05]"
98,"[[[[-0.20723069  0.59763867  0.77452144], [ 0.32067096 -0.70647047  0.63092757], [ 0.92424325  0.37911409 -0.045243  ]]]]","[[[[-0.63034714], [-0.17851784], [ 0.75550901]]]]","[0.0013962634016, 0.0167551608191, 0.0858701991981]","[9.42255620833, -0.53936575, -2.58241783333]","[-4.50314794609e-06, -1.34877758979e-05, 2.42134678596e-06]"
99,"[[[[ 0.58325687 -0.17321779 -0.79360382], [-0.22404582  0.90479376 -0.36214876], [ 0.78077839  0.38902937  0.48891845]]]]","[[[[ 0.65022481], [-0.33950683], [ 0.67966375]]]]","[-0.00418879020479, 0.0167551608191, 0.0802851455917]","[9.34900633333, -0.482160291667, -2.549729]","[-3.48333330447e-05, -6.14743356522e-05, -7.0043069619e-05]"
100,"[[[[ 0.23504645  0.9663282  -0.10470422], [-0.95257942  0.20759621 -0.22247756], [-0.19325014  0.15203164  0.96929911]]]]","[[[[ 0.51682399], [ 0.17679031], [-0.83763844]]]]","[-0.00418879020479, 0.0153588974176, 0.0781907504893]","[9.389867375, -0.506676916667, -2.60693445833]","[2.03121336915e-05, 5.39611801822e-05, 3.32625379196e-06]"
101,"[[[[-0.80175933 -0.04474533 -0.59596966], [ 0.35314823 -0.83995213 -0.41202761], [-0.48214967 -0.54081261  0.68924119]]]]","[[[[-0.0847673], [-0.31686905], [ 0.94467376]]]]","[-0.00279252680319, 0.0223402144255, 0.0788888821901]","[9.40621179167, -0.604743416667, -2.60693445833]","[-7.68767270554e-06, -4.2910715109e-05, 4.53186135251e-05]"
102,"[[[[-0.19407885 -0.62475972 -0.75631256], [ 0.83017525  0.30614227 -0.46592485], [ 0.52263033 -0.71829813  0.45924431]]]]","[[[[-0.43723221], [-0.17854718], [ 0.88144705]]]]","[-0.00209439510239, 0.0237364778271, 0.0747000919854]","[9.414384, -0.563882375, -2.56607341667]","[1.52733811323e-05, 2.55447479018e-05, 3.3630967863e-05]"
103,"[[[[ 0.7856113  -0.27535113  0.55407278], [-0.18718705 -0.95932222 -0.21133361], [ 0.58972527  0.06231082 -0.80519654]]]]","[[[[-0.527386], [-0.1610395], [ 0.83422437]]]]","[-0.0013962634016, 0.0209439510239, 0.0816814089933]","[9.414384, -0.4903325, -2.54155679167]","[-7.64256739494e-06, -2.6444094416e-05, 1.1466808869e-05]"
104,"[[[[ 0.02546001 -0.74337433  0.6683909 ], [-0.98145017  0.1085023   0.15805953], [-0.19001934 -0.66001656 -0.7268224 ]]]]","[[[[-0.86003029], [-0.20437259], [ 0.46752513]]]]","[0.00209439510239, 0.0188495559215, 0.0753982236862]","[9.40621179167, -0.514849125, -2.59876225]","[-1.24563966351e-05, -1.779253056e-06, -6.6892151506e-05]"
105,"[[[[ 0.45316941  0.87285022  0.18102481], [-0.86731124  0.47863741 -0.13666545], [-0.20593371 -0.09507225  0.97393664]]]]","[[[[-0.13972829], [-0.34541398], [ 0.92798986]]]]","[-0.00279252680319, 0.0223402144255, 0.0816814089933]","[9.42255620833, -0.604743416667, -2.56607341667]","[2.56065688884e-05, 4.0919038917e-05, 6.0335984598e-05]"
106,"[[[[-0.22116207  0.74890207  0.62468634], [-0.97141235 -0.11249412 -0.20905289], [-0.0862866  -0.6530626   0.75237216]]]]","[[[[-0.24350508], [ 0.32409551], [-0.91414844]]]]","[-0.00209439510239, 0.0237364778271, 0.0753982236862]","[9.39803958333, -0.555710166667, -2.58241783333]","[-1.44148257419e-05, -8.62687415504e-06, -6.3806027582e-05]"
107,"[[[[ 0.10726077  0.41610555  0.90296805], [ 0.95258167 -0.30312416  0.02653139], [ 0.28475129  0.85730503 -0.42888785]]]]","[[[[-0.69545664], [-0.07097559], [ 0.71505421]]]]","[-0.00349065850399, 0.0209439510239, 0.0844739357965]","[9.42255620833, -0.531193541667, -2.59876225]","[-9.18593215715e-07, -1.83382393804e-06, -1.40661040193e-06]"
108,"[[[[ 0.67828095  0.62570623 -0.38526182], [-0.72790017  0.64384684 -0.2358444 ], [ 0.1004803   0.44040091  0.89216072]]]]","[[[[ 0.77189178], [ 0.11140163], [-0.62591753]]]]","[-0.00558505360638, 0.0181514242207, 0.0802851455917]","[9.389867375, -0.473988083333, -2.58241783333]","[-6.32051911431e-06, -4.51874178868e-05, 5.7778083053e-05]"
109,"[[[[ 0.59670784  0.41055411 -0.68948175], [ 0.41658442 -0.89284712 -0.17111818], [-0.68585507 -0.18511979 -0.70379932]]]]","[[[[ 0.73197763], [-0.25597186], [ 0.63141678]]]]","[-0.00209439510239, 0.0272271363311, 0.0809832772925]","[9.44707283333, -0.514849125, -2.60693445833]","[-0.000921320001709, 0.000389333774124, 8.84922953041e-05]"
110,"[[[[-0.05655172  0.98438611  0.16669102], [-0.59630322  0.10060663 -0.79643002], [-0.80076487 -0.14443788  0.58130312]]]]","[[[[-0.04608923], [-0.35889621], [ 0.93223886]]]]","[-0.00418879020479, 0.0223402144255, 0.0830776723949]","[9.49610608333, -0.514849125, -2.574245625]","[0.000927479578509, -0.000347466610774, -0.000140305241416]"
111,"[[[[-0.24343664  0.96507095 -0.09683319], [-0.9050074  -0.26191917 -0.33520136], [-0.34885557  0.00603446  0.93715707]]]]","[[[[ 0.45692438], [ 0.24087786], [-0.8562698]]]]","[-0.00698131700798, 0.0230383461263, 0.0823795406941]","[9.39803958333, -0.514849125, -2.58241783333]","[9.78107906668e-06, 1.5106905652e-05, 2.413061858e-05]"
112,"[[[[ 0.16002897  0.9267093   0.34000089], [ 0.90329747 -0.27637469  0.32813216], [ 0.39805076  0.25461129 -0.88132212]]]]","[[[[ 0.02087315], [-0.34258493], [ 0.93925496]]]]","[-0.00558505360638, 0.0195476876223, 0.0795870138909]","[9.43072841667, -0.514849125, -2.59876225]","[-1.65341642244e-06, -1.008063347e-05, 1.15105816491e-05]"
113,"[[[[ 0.33494956 -0.86582625  0.37169033], [-0.89764951 -0.41313369 -0.15344677], [ 0.28641603 -0.28225071 -0.91558746]]]]","[[[[-0.56249019], [-0.16365282], [ 0.81044589]]]]","[-0.00279252680319, 0.0195476876223, 0.0788888821901]","[9.37352295833, -0.473988083333, -2.58241783333]","[-0.000922268664894, 0.000346319548434, 0.000172206761383]"
114,"[[[[-0.28406572 -0.91910291 -0.27305036], [-0.93494579  0.2023922   0.29139968], [-0.21256303  0.33806394 -0.91680408]]]]","[[[[-0.09202086], [-0.29648153], [ 0.95059501]]]]","[-0.0013962634016, 0.0216420827247, 0.0823795406941]","[9.438900625, -0.572054583333, -2.60693445833]","[-6.01346958717e-06, -7.18831356394e-06, -1.91836167199e-05]"
115,"[[[[ 0.78189581  0.62299759 -0.02264849], [-0.61814079  0.77006314 -0.15781234], [-0.08087594  0.13739276  0.98720936]]]]","[[[[ 0.43250049], [ 0.20384748], [-0.87828784]]]]","[-0.00558505360638, 0.0174532925199, 0.0809832772925]","[9.42255620833, -0.514849125, -2.60693445833]","[0.000921868133305, -0.000360970239184, -0.000144132697174]"
116,"[[[[ 0.53929557 -0.83597312 -0.10153435], [ 0.83927183  0.5434548  -0.0167237 ], [ 0.0691599  -0.0761959   0.99469146]]]]","[[[[-0.13674204], [ 0.3129222], [-0.93988367]]]]","[-0.00209439510239, 0.0209439510239, 0.0837758040957]","[9.37352295833, -0.531193541667, -2.58241783333]","[-0.00092138901055, 0.000351840668624, 0.000165756045942]"
117,"[[[[-0.59244824 -0.74039596 -0.31751993], [-0.58700895  0.6666823  -0.4592986 ], [ 0.55174774 -0.08572361 -0.82959381]]]]","[[[[-0.36924495], [-0.20788197], [ 0.90578323]]]]","[-0.00209439510239, 0.0209439510239, 0.0830776723949]","[9.45524504167, -0.523021333333, -2.63145108333]","[0.000923829350025, -0.000335359900298, -0.000186063256009]"
118,"[[[[ 0.40011364 -0.70800768 -0.58192285], [ 0.81868493  0.56150805 -0.12026508], [ 0.41190297 -0.42829177  0.80430225]]]]","[[[[ 0.25312395], [ 0.28213018], [-0.92538145]]]]","[-0.00418879020479, 0.0202458193231, 0.0816814089933]","[9.35717854167, -0.482160291667, -2.60693445833]","[-3.06305825681e-06, 2.33871013089e-06, -2.2199435489e-05]"
